1480
1720
7175
3785
1120
5495
2605
5725
2425
8615
130
4105
920
9340
6785
6665
4850
7130
3130
9620
5695
7130
5845
3925
2390
3260
6890
8150
2170
4820
1715
9040
1535
9830
3805
8335
7295
1370
8125
9425
3080
6175
8350
6220
1040
6415
9715
1900
8800
4055
8960
385
2050
5755
2075
1190
4775
965
6025
5120
8650
9395
1985
2380
5455
205
1105
7870
7445
3095
8225
9640
6460
8755
6520
2920
3500
2255
5420
5800
1490
5780
9065
1805
6190
1670
4855
7735
9140
2260
9815
7580
7145
2785
1885
2350
8750
3385
3175
4285
1675
2735
9985
65
9655
3265
4580
145
8015
9580
9430
2870
4580
3020
4855
8515
9985
7255
9950
5890
6995
9820
8135
2615
775
3560
9050
8750
9605
5870
7025
2545
9160
8060
8120
8615
7885
1990
7450
7595
5155
7855
4280
3880
8465
4765
4120
7940
3805
8255
3440
8665
3275
9065
4720
6010
1760
8855
4465
6620
935
5150
5795
2960
3020
8710
8560
9400
8090
4930
1615
6175
9020
2695
1910
7340
9905
2725
8600
1355
295
9575
2075
3950
3335
7730
9280
6715
2945
9955
7825
9655
2780
6880
2180
1105
7870
7525
9935
7720
850
6745
1600
2110
9335
5060
7730
8995
3695
7825
8980
1130
3305
4325
1070
8810
8405
7535
2180
2165
8585
9535
8215
5030
6190
4480
9580
1790
3890
8170
8410
8845
6850
8000
550
3395
2635
4895
6275
2825
8155
8125
6505
2840
500
6670
8695
8255
3700
8950
6260
3350
5740
3700
8420
3445
2785
8210
5375
5360
2455
4640
4070
6560
6460
7930
7345
6310
6370
20
8665
7355
3560
9815
9365
4645
3485
7550
9700
3490
6815
4495
6520
7415
5540
6835
9860
65
7625
1265
1525
8440
7985
6215
6560
9835
5275
1940
8125
4445
1285
6500
3095
6445
340
6415
5695
7255
4040
2810
4075
50
7400
9020
3805
9130
565
5020
5710
3110
2135
385
4375
2780
7585
9725
790
110
1625
7660
1715
7385
7420
6820
6670
9400
9590
6295
1805
3710
1565
4390
5500
7745
410
8675
6610
7430
6925
4640
5185
1000
1400
6605
9215
1135
4975
6520
1495
7885
9860
5945
4945
4270
3425
5135
9070
4765
8795
2350
3455
955
7225
3935
7280
9530
1615
3875
6770
3065
1100
3665
7655
3470
2135
7805
7825
3485
5885
3695
130
4085
7130
7105
545
8605
3305
350
1700
4895
4640
1550
1955
1990
7715
9190
9545
6920
9500
9925
2950
5630
6040
8375
9605
6725
3430
5720
9925
4045
2525
1805
6080
2275
1235
6040
2015
8045
8975
8815
6905
6475
7370
9845
3470
2555
6230
3230
1415
7145
935
4550
8725
9080
2060
7525
5065
3290
5665
6115
1865
4075
2150
8860
415
3710
8450
3560
9595
9415
260
5095
7945
1565
8660
4135
5515
8060
335
4030
9100
20
6890
5300
3665
3785
610
8710
1520
7115
6695
5345
580
9505
9730
7420
8545
9505
1205
8495
4400
4870
2015
4775
9740
395
3620
1235
9370
1765
970
8320
9470
2750
3500
1220
2545
1720
1255
5365
5680
5870
1405
8335
8825
6415
1990
7175
1645
6685
1465
6770
8665
3560
685
3235
4120
9470
9325
7390
2080
1445
7195
8420
3095
3140
1970
1210
9655
1010
4565
560
7480
6575
3295
4405
6560
7475
1685
8210
1910
8005
1040
4040
3260
1310
4465
2525
4465
5945
4900
3385
6310
1430
4265
1390
4810
100
4370
2680
4700
7145
2065
7325
2350
3670
3545
4520
5875
8450
8905
5245
1160
3055
8050
7600
1805
7805
1280
1870
3155
8950
2810
1135
8450
2485
260
5785
5245
9475
6395
1495
865
2960
1525
1180
8200
9040
3590
4445
2255
8975
5150
3010
9880
9415
3655
4220
2555
7840
3115
8120
3785
7265
1705
2890
1130
9715
130
7700
3380
7630
1055
4915
4945
50
9910
5875
2350
7900
6955
1960
3740
4550
3170
2480
4850
7765
1180
3355
2425
4060
2845
3085
6985
6460
2915
2575
3110
1160
2825
9280
215
7390
1415
6010
200
5260
9760
6110
6640
2500
6905
5395
6340
9395
6215
6800
2015
6545
9050
1090
6680
5555
1520
3220
4555
8680
3335
3520
965
5830
4565
8545
7855
7810
1775
6215
2620
6425
4745
9575
5305
7730
7505
2335
6560
4510
2780
7475
9550
965
5335
3235
2855
9170
2480
5120
1895
475
6175
7115
1085
3415
8720
7040
7585
2150
8665
5125
3125
2530
6970
445
6770
560
8405
7490
320
1235
5060
3940
1730
8665
5110
4385
9650
8770
3515
5285
3355
7055
3635
9025
635
5255
9350
6130
8815
3185
2665
9290
590
4250
5635
2665
6535
8615
5135
2300
4655
8350
2080
4430
6100
4990
9170
8230
7025
1915
2600
3970
890
9865
8930
5330
9205
1015
3920
5215
5150
1040
5515
4145
8395
4745
700
1420
9970
7240
9140
7865
4495
9230
5015
6010
9235
2090
5725
2045
4625
2365
9350
9560
35
520
9845
7550
1750
575
7285
2275
7280
6215
590
7525
5330
9035
475
9850
5155
7235
9310
4115
8545
7895
9845
4835
2810
2800
2770
5920
2425
4925
9245
5920
8125
5575
4300
2510
5480
5620
3215
820
1570
6760
5035
7900
3790
6475
4745
4715
6745
2165
7100
4180
7805
7415
1070
1760
880
4240
7100
6035
1405
4880
9440
1840
9770
3230
3100
2030
8095
2150
8915
700
7555
9680
7235
8710
3710
3190
6530
425
9275
5360
8300
9635
2935
5275
1445
3035
7355
9260
5830
7565
9745
6005
2495
3760
9290
2375
6995
3245
3860
205
8275
6640
6760
7690
8665
2690
8375
3910
1490
7990
6775
9110
1010
9830
460
6260
8725
5180
6695
3290
8975
7985
85
9190
8635
6275
4975
3235
920
9730
4285
7910
8440
5060
1150
5470
6640
5890
8740
4975
565
3550
8615
3325
4400
4625
5795
3215
3730
7195
125
4090
9580
4195
6200
8330
1210
785
7970
1895
5795
9655
5755
8780
1940
8155
5515
2240
4625
7625
6175
3965
9100
1340
6470
1750
370
460
6215
8180
7715
8890
8165
2435
8035
1265
8860
2275
6025
6970
3580
440
5495
5635
310
7795
6415
2570
8135
265
3755
9650
6730
5455
2540
3670
2420
775
7510
5695
6725
505
6475
1100
455
830
3995
4045
6515
8965
1345
9550
8765
740
9875
1295
9280
9085
5990
4705
9100
1205
8515
9490
3995
3415
4675
5555
4625
1060
730
7235
1480
5360
5260
9335
5930
2110
7955
6205
385
4795
6620
7510
3605
5960
2915
5680
8905
4925
9490
5680
5905
9620
8195
2080
1000
110
9440
55
1415
220
6235
2530
9100
3370
4945
1760
3835
7715
4025
8990
5630
7130
8245
1330
9755
5060
4705
6520
2465
5440
5905
5665
2425
2620
880
4985
7400
6380
7720
9955
755
8000
7030
4315
2545
1690
4085
7595
4835
6820
7145
1570
1750
7795
4960
6055
4445
2240
920
7135
3205
5330
4660
310
8075
680
5680
5225
3005
5120
4645
2845
5185
1435
2665
2365
7720
7000
950
8635
2285
6565
6220
4640
6635
9385
4865
3815
8555
7190
1375
3010
6775
3905
7330
5570
8525
5450
1660
4715
1550
5845
2890
7150
4090
4795
6355
805
8440
9650
7315
985
5470
2420
6200
7460
3080
4910
3955
6370
5150
2495
1825
1090
3685
415
9275
9620
3685
8605
9965
4960
6200
8165
9220
6205
7160
2650
7700
2390
6985
6790
2840
1690
7610
2345
2660
9095
1630
1085
9385
9245
3880
3445
1430
8585
2390
1955
1210
4765
1855
9455
9020
6325
9955
740
1330
4930
8225
3175
7820
2515
7480
235
2665
8525
9400
485
8245
6655
5960
6995
6775
2615
5870
5645
7085
5500
8245
3230
5315
9770
9775
1795
745
6740
9760
370
1475
2860
3125
3865
6170
9965
2740
1375
1330
5005
6080
1475
8120
1480
8660
1295
6365
400
2030
2125
8765
1075
6475
9265
2695
9380
5225
6515
2375
4855
9985
635
9305
3400
6275
7345
3530
6635
4645
3835
8540
1975
6580
4010
4750
5465
8125
8245
9010
7175
1910
7720
6385
6700
4555
7750
2675
6955
38130625
40896025
78145600
74046025
84180625
79032100
49420900
13468900
34339600
27667600
12460900
78145600
51696100
24453025
59521225
88548100
35760400
22278400
27040000
4752400
90060100
11662225
255025
38130625
2907025
58446025
1932100
81090025
86955625
22657600
27825625
2992900
39816100
47886400
14326225
2739025
16851025
13140625
4326400
13653025
83814025
7562500
28944400
96924025
846400
23136100
912025
35343025
46104100
96727225
92256025
48163600
46308025
5929225
32775625
8526400
14478025
99600400
40005625
21390625
12075625
6630625
3940225
24453025
62805625
7645225
4774225
40513225
37332100
24108100
64240225
4120900
77616100
78499600
330625
63520900
40005625
94672900
672400
73444900
2500
11937025
3610000
96628900
64561225
22848400
4515625
4264225
5929225
2280100
87235600
84732025
3045025
70140625
81090025
10432900
28569025
99600400
17430625
71995225
1651225
45091225
48511225
32890225
354025
63760225
8940100
81902500
3330625
21022225
98109025
31416025
640000
7425625
33235225
87703225
81993025
15602500
15840400
9302500
28569025
10240000
41731600
39438400
4368100
54169600
60217600
7645225
3880900
36300625
7645225
2706025
32376100
9985600
28944400
95452900
44422225
46648900
66994225
144400
15015625
70476025
3534400
37945600
25806400
40960000
648025
31248100
74218225
33292900
53949025
21669025
57532225
52562500
33466225
34105600
22992025
1322500
19360000
9796900
14326225
85008400
2059225
4884100
2706025
9241600
1210000
82446400
73960000
18190225
88360000
8850625
57078025
93702400
2102500
42510400
1575025
3312400
354025
3441025
38130625
7812025
13213225
95257600
89491600
5244100
32604100
11055625
297025
42120100
66259600
640000
6400
77176225
12996025
6630625
24700900
714025
55502500
65286400
38440000
9120400
6225025
22231225
24552025
8265625
36602500
70392100
30525625
348100
270400
51051025
62410000
60528400
24255625
80013025
35760400
2146225
2265025
71402500
23377225
828100
25200400
78400
57304900
7507600
55225
912025
94090000
24900100
47679025
5313025
90820900
85840225
17598025
48372025
3385600
7590025
5953600
7590025
1155625
65286400
48094225
1464100
8614225
12285025
4687225
99400900
26061025
35940025
5640625
102400
3045025
1768900
2512225
2310400
250000
68890000
42510400
504100
81631225
80910025
33582025
82537225
6300100
83356900
92929600
56776225
8970025
504100
41731600
23088025
66422500
12567025
58140625
46240000
78765625
12888100
37884025
71402500
1288225
133225
9025
3496900
20976400
88548100
65286400
9211225
4305625
80281600
18835600
22278400
80550625
5929225
6630625
74995600
28569025
99900025
3783025
17556100
45427600
33582025
35046400
1221025
36060025
1092025
82719025
93993025
3705625
48511225
66504025
34456900
29757025
74822500
92833225
3783025
54390625
36120100
1392400
3960100
4368100
28408900
53949025
28143025
73017025
21252100
8791225
37210000
22562500
7812025
33756100
10824100
51480625
55056400
33814225
1651225
93122500
75864100
792100
21529600
74563225
5953600
60217600
1525225
96100
61936900
68724100
1113025
144400
24010000
80640400
1123600
23571025
49210225
25908100
43230625
225625
88360000
38502025
12145225
9891025
10857025
504100
31416025
21114025
97614400
90345025
250000
92352100
93025
2325625
28302400
98208100
54169600
44289025
96727225
41925625
2449225
2356225
3222025
19936225
846400
960400
16483600
18447025
3841600
30415225
265225
2088025
7672900
50055625
16564900
81902500
5452225
86397025
69973225
86583025
14554225
93219025
79032100
34281025
45024100
7075600
1155625
4060225
9302500
148225
76650025
74563225
24403600
144400
16483600
250000
27457600
1849600
79834225
8323225
46717225
12460900
1225
8791225
93122500
85008400
68392900
92064025
31922500
6864400
4202500
100000000
1876900
32718400
10240000
64722025
40704400
34633225
60762025
37945600
765625
9424900
400
9672100
59136100
36784225
12924025
35224225
105625
47472100
17808400
30580900
5522500
2002225
42120100
15015625
54612100
55204900
97318225
68973025
7980625
912025
9796900
87516025
17056900
22137025
10144225
50197225
70728100
52998400
20070400
46648900
85840225
60295225
88360000
20884900
14137600
3705625
24403600
6150400
1537600
10857025
23136100
21390625
76125625
71995225
1836025
336400
58369600
13249600
20070400
63840100
82264900
4020025
22705225
91968100
57304900
11055625
8439025
43494025
49561600
54538225
6076225
15960025
38254225
9211225
32947600
12567025
18447025
61152400
36602500
53875600
55950400
51051025
883600
36120100
19492225
55502500
35164900
390625
43428100
66994225
148225
18232900
3115225
15960025
148225
19140625
68890000
63760225
38440000
20748025
3330625
172225
25806400
1836025
25300900
39062500
17556100
56625625
74046025
56851600
91968100
4080400
67158025
4368100
18619225
3062500
2689600
38068900
36120100
41667025
78499600
1322500
79299025
3705625
48400
45225625
54169600
90345025
4515625
62410000
27667600
20160100
45832900
32092225
828100
570025
846400
99102025
1243225
45697600
828100
82719025
15288100
3097600
73960000
18576100
32376100
82537225
39250225
30085225
13225
23814400
67650625
71487025
80820100
2706025
15288100
26265625
4141225
51122500
74046025
28622500
79744900
1288225
45832900
33930625
40896025
18318400
14668900
12145225
1716100
83905600
5784025
112225
17724100
52562500
92064025
49140100
220900
6708100
22420225
28944400
14212900
20025625
28729600
59985025
71995225
93412225
54538225
80013025
555025
8065600
4644025
38316100
6916900
31416025
75864100
14707225
1428025
7645225
71740900
1600225
33120025
43890625
52635025
32035600
5290000
14440000
5017600
33930625
83631025
31528225
74304400
2560000
211600
42055225
12180100
77440000
801025
13225
24025
5664400
616225
49561600
8614225
29920900
40322500
19228225
26522500
48790225
3591025
7425625
940900
75255625
32035600
198025
9985600
5107600
46512400
3880900
9859600
37576900
68724100
902500
41860900
86676100
98208100
2088025
96334225
24010000
50623225
3553225
31528225
17472400
33062500
51552400
57532225
912025
12145225
10562500
32092225
7812025
1755625
25654225
5593225
38130625
16851025
409600
69973225
4182025
112225
53436100
8584900
94672900
3841600
21025
2044900
3441025
29757025
48790225
8410000
26522500
81090025
89113600
855625
4644025
84640000
2706025
83539600
79032100
13468900
20160100
96432400
79834225
7317025
15602500
15721225
84732025
76300225
84364225
13987600
74995600
3045025
220900
17430625
53949025
61152400
4900
819025
51051025
48094225
7480225
34456900
75082225
61387225
6400900
15523600
20340100
99301225
70644025
46922500
83539600
1612900
50268100
76650025
56851600
30360100
26677225
47472100
22705225
30858025
28900
43296400
3150625
3880900
51768025
10562500
33756100
94381225
42025
51912025
10240000
72505225
37210000
28900
75082225
93122500
765625
83539600
6604900
8614225
65448100
54096025
18318400
9394225
7728400
12816400
855625
25959025
6682225
1092025
2560000
148225
25755625
60217600
1030225
87516025
68890000
3763600
960400
77176225
3667225
2016400
38316100
2265025
93993025
57760000
71656225
81902500
74304400
2280100
10000
65772100
12888100
93799225
9394225
64320400
59059225
49773025
9954025
90820900
1795600
29539225
42055225
144400
6002500
70896400
47265625
45024100
45697600
4972900
21949225
12496225
1464100
75082225
60295225
13764100
2356225
79032100
56550400
32205625
49843600
58675600
3841600
61387225
2371600
58446025
20976400
625
36120100
71487025
7398400
19624900
23571025
71656225
80013025
23571025
8970025
85840225
18190225
15760900
22515025
13653025
18190225
2941225
57988225
71910400
6477025
66178225
50481025
25806400
3422500
29539225
7896100
7840000
18105025
126025
3667225
37332100
17556100
22137025
9517225
60450625
8584900
26832400
24900100
4579600
32890225
70225
76562500
10048900
330625
33814225
80013025
7263025
52128400
1288225
52780225
15960025
12602500
21808900
17305600
16851025
26368225
7480225
14100025
2464900
72250000
3880900
46240000
265225
41538025
61152400
21025
76125625
13764100
45630025
20702500
42706225
60918025
76912900
2958400
41280625
9394225
68145025
4950625
59598400
68890000
22278400
34164025
22515025
33466225
60684100
6996025
9333025
44089600
21715600
1144900
6477025
8439025
38254225
18835600
12496225
28783225
4818025
76825225
23571025
58446025
22705225
1960000
511225
30858025
27931225
62331025
49000000
34810000
35046400
40513225
96432400
1392400
4972900
62410000
10956100
20566225
99900025
28622500
1488400
47541025
7425625
3025
5522500
4452100
94575625
33756100
69472225
30525625
62410000
11256025
62094400
3553225
35880100
12924025
32376100
38254225
26061025
58675600
62173225
47541025
8791225
84640000
26214400
40768225
10176100
13912900
3367225
98109025
73702225
78676900
60918025
80820100
36421225
2325625
74046025
82537225
13140625
511225
36421225
14212900
79032100
15721225
9579025
39942400
93799225
6528025
58828900
25300900
76825225
84456100
67600
42837025
31922500
25351225
78400
25806400
58216900
69973225
40132225
20475625
1030225
23136100
33292900
88360000
5452225
30525625
2325625
5107600
6996025
62410000
126025
62805625
2755600
7022500
1357225
69973225
19404025
74304400
61152400
75603025
4708900
97022500
44023225
21669025
220900
52562500
11122225
2102500
15602500
25806400
20748025
72675625
18105025
302500
4431025
76300225
172225
20160100
4818025
57760000
15760900
10857025
20025625
30625
43692100
92544400
64000000
7896100
89775625
29106025
49773025
32262400
846400
5107600
21390625
26419600
22372900
58369600
4120900
348100
15249025
87142225
69722500
9025
40000
36784225
67158025
20205025
2496400
88266025
5593225
207025
80550625
21025
83265625
52200625
4972900
4020025
89208025
28090000
21949225
70476025
63361600
25959025
1311025
46512400
31753225
56625625
23377225
15054400
40896025
8673025
6300100
9025
23136100
28569025
57988225
9796900
96432400
56550400
71402500
22848400
30030400
26265625
96100
28090000
29757025
5244100
12250000
4818025
67486225
45292900
25300900
2496400
62410000
18490000
27040000
21855625
6400900
60025
29376400
2907025
76300225
15366400
71149225
6916900
87142225
61465600
24108100
64320400
16933225
9517225
28249225
54316900
26988025
40005625
24601600
74822500
59830225
13432225
12040900
58599025
10144225
20025625
81721600
89113600
63520900
483025
11560000
7728400
18490000
54390625
13801225
77704225
40132225
3591025
2310400
22090000
6943225
13032100
13912900
5290000
89775625
20976400
1144900
2002225
89113600
15171025
65044225
97515625
100
207025
31192225
7896100
23571025
1288225
8584900
4368100
11730625
7756225
5290000
13764100
96628900
65934400
58446025
52345225
89113600
3258025
78676900
7980625
85562500
40960000
22090000
42706225
39942400
330625
65934400
24157225
1651225
43099225
13690000
8850625
55875625
14592400
26522500
75603025
7896100
38068900
76125625
51552400
41538025
26061025
16687225
69639025
2656900
16728100
38254225
56175025
30858025
13987600
144400
27825625
84364225
46717225
25502500
20566225
10368400
9424900
22800625
86583025
94575625
8236900
15484225
22372900
8265625
46036225
10562500
16974400
96924025
89397025
58828900
34633225
2640625
52852900
9796900
2059225
54169600
136900
348100
5499025
48511225
25959025
940900
94575625
7896100
57304900
7812025
50908225
172225
24108100
44289025
36966400
8791225
14250625
6225025
34225
442225
96040000
28090000
714025
96628900
16605625
45495025
39816100
75603025
82810000
25050025
84916225
95844100
29052100
50055625
6325225
75625
93799225
12285025
76562500
42250000
29757025
97614400
92064025
18705625
714025
1768900
83814025
6300100
102400
80013025
23814400
13225
8179600
76038400
20702500
6682225
23088025
35940025
60450625
7075600
39438400
36120100
9891025
970225
70476025
68392900
80640400
14707225
82992100
52128400
511225
97911025
24255625
801025
1311025
17056900
9517225
64000000
5856400
9120400
15602500
88266025
28408900
44689225
1464100
31584400
1357225
6076225
76038400
26677225
555025
43494025
5290000
84640000
10080625
88548100
62647225
26112100
66015625
70140625
64000000
122500
5452225
51768025
28783225
96040000
624100
51552400
25300900
85562500
10368400
51480625
16851025
8940100
60918025
87142225
21160000
3150625
33466225
6682225
84916225
89491600
403225
48302500
69139225
12250000
43626025
16900
36784225
4202500
9703225
24750625
17056900
819025
73960000
53436100
17850625
40322500
4579600
4906225
60918025
47265625
31753225
8323225
13140625
48720400
10144225
80820100
56325025
97614400
940900
7896100
65772100
71487025
46308025
47886400
70225
21298225
95746225
63282025
22090000
61622500
91776400
3783025
7924225
22090000
41731600
22278400
99900025
27040000
6864400
29052100
35224225
35700625
5221225
97219600
38688400
9672100
9302500
27040000
89491600
94575625
94381225
62410000
172225
65529025
54390625
4708900
53949025
8352100
98704225
53875600
31248100
73960000
24025
12780625
2016400
1392400
50055625
624100
122500
40576900
61936900
8970025
4884100
38130625
8940100
126025
80013025
49000000
6553600
42640900
47541025
92640625
94090000
30858025
88360000
28090000
11055625
66748900
41280625
4141225
23280625
61465600
3478225
54390625
765625
21298225
46308025
12780625
34515625
29593600
17808400
8179600
13875625
22372900
10272025
87142225
17347225
97219600
85747600
27196225
14938225
15602500
87516025
54096025
12075625
17724100
37393225
55502500
37149025
46854025
31080625
31528225
69139225
30747025
99900025
15880225
3222025
330625
74304400
19891600
36966400
63043600
98406400
28143025
57760000
62410000
6451600
21025
448900
9954025
3367225
33408400
403225
57988225
46922500
33408400
792100
57532225
59059225
23814400
46444225
58216900
78400
35224225
19009600
15288100
68227600
32604100
25806400
18619225
51337225
29593600
69388900
11971600
40704400
62568100
2310400
95550625
15840400
69472225
79744900
1677025
13912900
1562500
54982225
19758025
547600
26988025
184900
96138025
2755600
15625
63520900
80013025
15288100
10725625
4120900
60996100
46240000
22657600
66015625
23280625
66994225
2220100
13359025
4202500
94381225
50055625
25300900
38688400
616225
34515625
93702400
8151025
2992900
4264225
1050625
39438400
83356900
39438400
85470025
50410000
14364100
7728400
91680625
9211225
21808900
18190225
30913600
26419600
7645225
193600
8970025
1562500
61152400
765625
88266025
10176100
30747025
2464900
40386025
78145600
97219600
4515625
400
20884900
49773025
336400
84916225
40960000
739600
40576900
39816100
60062500
16483600
39062500
67650625
31922500
1960000
27144100
9796900
40386025
1876900
1690000
1288225
9120400
16605625
1690000
156025
25200400
13249600
577600
390625
32376100
313600
10272025
4000000
68392900
23863225
43230625
26419600
16564900
40386025
2958400
67158025
65934400
89491600
17682025
3553225
71656225
1081600
1050625
3150625
99002500
7075600
4752400
79299025
31360000
8236900
6553600
99600400
44222500
99700225
250000
42250000
60295225
24552025
40322500
7840000
96628900
4708900
9025
82264900
1050625
18748900
9424900
4368100
10368400
25
78411025
64080025
7756225
26265625
270400
27144100
72675625
8880400
24025
20976400
2755600
77968900
86304100
81902500
91489225
5152900
15642025
93025
40768225
592900
41280625
7672900
4972900
5664400
20611600
51337225
73530625
26728900
6002500
80820100
80910025
21298225
56851600
27984100
81993025
63361600
21390625
78234025
49210225
7022500
62173225
37576900
255025
2190400
27772900
48163600
48930025
1500625
19669225
1155625
20611600
17305600
22420225
51768025
30747025
98505625
3610000
348100
5929225
95550625
21252100
42837025
9241600
22705225
44622400
15760900
83356900
46444225
8094025
6375625
58828900
20070400
82719025
51912025
26574025
67240000
8497225
12780625
19228225
18748900
16200625
41280625
36844900
30858025
10144225
11222500
19492225
39942400
2371600
6630625
35521600
27144100
1464100
91968100
60217600
3150625
19669225
18576100
42315025
5856400
31080625
115600
76387600
12040900
1488400
25755625
48094225
6150400
28783225
4558225
50694400
53875600
28622500
56100100
77176225
34456900
43296400
100
88830625
348100
960400
20160100
1210000
32775625
6682225
4202500
39816100
48163600
14478025
84456100
3900625
34810000
70644025
7155625
12100
48790225
19272100
265225
42315025
74476900
115600
47748100
2907025
35046400
21715600
4950625
9954025
10758400
38875225
9486400
57760000
31192225
77968900
9859600
67486225
17935225
81993025
21252100
2805625
51768025
79299025
12180100
56175025
94867600
9796900
49843600
7225
774400
1345600
12673600
13912900
63282025
25603600
72675625
7812025
98704225
8673025
15366400
235225
75516100
8702500
33988900
51696100
7590025
25600
57760000
5499025
48511225
39000025
14326225
13468900
33814225
11730625
76125625
33756100
41731600
112225
469225
462400
44089600
23814400
6786025
23088025
4494400
79210000
6864400
27615025
56625625
26419600
648025
69973225
66259600
1651225
98406400
46648900
3496900
33582025
12285025
1562500
7480225
78943225
78499600
32262400
14899600
7840000
46444225
66259600
65529025
47059600
15054400
15054400
20340100
37945600
2280100
78400
2856100
4579600
33640000
69639025
48372025
21576025
76125625
20748025
15523600
63361600
31753225
26677225
7840000
96628900
40576900
98704225
50197225
12496225
21436900
24010000
2190400
3783025
86862400
32718400
73188025
65044225
2992900
11662225
25806400
67404100
14025025
93508900
29593600
12567025
1416100
94575625
75342400
4494400
27300625
53436100
27772900
9025
16687225
10080625
16851025
70476025
483025
70392100
66015625
27510025
57002500
5221225
57684025
90916225
1225
44823025
67240000
76038400
65934400
10562500
7317025
42837025
21022225
144400
30525625
68392900
78234025
10000
62884900
42120100
7507600
87142225
12709225
27457600
3045025
17556100
50836900
532900
336400
18490000
4972900
35224225
48400
4452100
27040000
20566225
38254225
51696100
69973225
23961025
57684025
5522500
64722025
23088025
20340100
55726225
20475625
35343025
6400900
15523600
22800625
79834225
28090000
648025
49210225
19936225
28408900
80013025
3880900
70392100
31080625
35940025
5152900
1600225
41860900
11764900
34515625
13987600
2175625
5313025
52998400
74476900
6100900
81721600
78400
2044900
19536400
44488900
115600
26214400
1525225
46036225
1932100
624100
4326400
11937025
40386025
29214025
15880225
76650025
80013025
81993025
21160000
2739025
96432400
24025
6027025
31192225
21252100
6002500
592900
592900
29376400
52128400
92544400
60996100
30747025
27457600
9424900
372100
44222500
4368100
664225
10758400
99102025
58216900
8439025
11356900
71740900
42250000
65044225
46104100
37884025
71487025
60528400
1890625
49350625
87703225
2788900
61622500
34281025
20748025
40896025
960400
3841600
23136100
60450625
7344100
37332100
970225
52345225
64000000
47334400
6864400
59367025
6528025
47334400
2941225
81360400
846400
21298225
442225
19669225
84456100
96138025
22372900
86118400
5313025
4752400
17724100
21669025
75603025
88830625
32604100
42902500
792100
10000
28302400
1525225
58140625
30195025
61858225
15132100
56851600
3385600
93412225
19758025
23716900
2992900
19140625
5880625
75864100
60025
11323225
94672900
29757025
74218225
648025
58599025
31753225
62331025
5313025
180625
36602500
16564900
74218225
2418025
73273600
60918025
400
91202500
46104100
17347225
8614225
52852900
59598400
54390625
36844900
3960100
30580900
41925625
9333025
21715600
52998400
34339600
184900
16000000
5808100
62500
55225
26522500
41152225
30030400
65286400
148225
20566225
39816100
6175225
21298225
40896025
62568100
25000000
1562500
14707225
664225
4120900
35880100
51768025
8673025
5929225
83356900
25351225
46036225
75516100
72505225
5313025
18966025
4900
72760900
1144900
42315025
56550400
78765625
462400
3115225
96432400
64480900
5808100
94672900
483025
11256025
45697600
7672900
34869025
20340100
1188100
1716100
41925625
46648900
56851600
39375625
6002500
81450625
91107025
58905625
72165025
87025
67240000
18190225
19936225
32092225
75342400
100
33292900
12924025
23668225
136900
91680625
5953600
73273600
115600
220900
15171025
13359025
70896400
61152400
20205025
17430625
77968900
4326400
28302400
6786025
68973025
10956100
4389025
86862400
64080025
409600
3312400
73702225
22657600
24700900
43626025
93508900
4225
31192225
60217600
43428100
9302500
59752900
17977600
92833225
82264900
52780225
59598400
39942400
3422500
81450625
72250000
62410000
13542400
39627025
8410000
64320400
6682225
1392400
8702500
18105025
81360400
6838225
25600
6477025
68973025
30580900
21436900
48372025
13322500
16000000
28622500
1876900
32376100
38316100
13912900
9517225
16362025
3258025
6682225
61701025
40322500
4000000
68227600
46240000
23716900
4622500
73188025
33582025
87025
2496400
23716900
11222500
47748100
32890225
5428900
92064025
91107025
27144100
8265625
26522500
184900
2131600
12460900
511225
37393225
57988225
76650025
36060025
12496225
1221025
34515625
66504025
38626225
87422500
31248100
4060225
69639025
98109025
62884900
7155625
3330625
62500
490000
51122500
12888100
18232900
14938225
29268100
58369600
133225
664225
28622500
105625
42055225
24403600
13764100
16443025
56325025
55428025
49210225
5593225
172225
29593600
280900
30747025
26214400
59752900
27144100
1288225
67486225
20205025
11458225
1288225
15054400
89965225
2689600
39564100
39942400
20884900
24403600
82264900
76125625
53655625
82537225
23088025
47886400
960400
85562500
49632025
2418025
45900625
1050625
11833600
55875625
72250000
21025
92256025
15602500
8614225
82992100
5808100
29593600
91680625
11560000
5929225
24750625
3553225
1918225
21022225
8970025
774400
53728900
12567025
19891600
81993025
16933225
11662225
225625
330625
9333025
26265625
874225
64561225
1000000
9579025
12100
31080625
30030400
10176100
49561600
547600
94090000
62647225
22705225
31024900
30525625
469225
26677225
34987225
3010225
90820900
68475625
59598400
2044900
2371600
11424400
46648900
42640900
235225
47472100
27931225
12780625
9030025
24900100
46240000
32205625
2402500
96628900
36421225
1452025
1188100
19140625
570025
34810000
23961025
5664400
7344100
22705225
22992025
92064025
32890225
8008900
77704225
63840100
17347225
18619225
50268100
15171025
26368225
66178225
2044900
39062500
100000000
35164900
7924225
71740900
99400900
91968100
43494025
93993025
64240225
92833225
93219025
17222500
31922500
184900
12602500
13764100
6604900
6528025
1000000
148225
93993025
5290000
16605625
32547025
2310400
225625
14592400
96334225
11155600
52562500
96100
3045025
42902500
12250000
58446025
8179600
28622500
547600
21808900
53655625
32604100
6150400
75777025
3367225
30580900
82810000
69472225
83265625
80820100
26988025
59598400
16000000
61858225
51051025
53728900
12996025
46225
21715600
13140625
41280625
13987600
1836025
2175625
84100
22705225
55875625
3553225
1221025
19360000
250000
5221225
22090000
70980625
72931600
62647225
422500
40322500
12285025
13690000
26061025
42837025
592900
12673600
64561225
63520900
34164025
48400
7022500
26574025
48580900
81450625
64963600
2856100
30360100
66015625
31866025
39250225
490000
24255625
65448100
22800625
82810000
70140625
57456400
42510400
13801225
53217025
46922500
96727225
211600
49632025
18490000
54390625
67980025
7562500
1729225
100000000
8065600
33120025
82719025
18190225
600625
664225
87984400
18062500
48930025
22372900
13359025
84916225
45900625
18879025
90820900
84456100
15171025
16564900
11256025
1392400
70392100
22992025
302500
90535225
70392100
24900100
4906225
55204900
7896100
7263025
28622500
3763600
84180625
93702400
14326225
3010225
1755625
27196225
35402500
18062500
4120900
56851600
13875625
72420100
87142225
12602500
69222400
43428100
6002500
27196225
80820100
46512400
48580900
46240000
8410000
41860900
17724100
55875625
99400900
41925625
16974400
6916900
5107600
72760900
31192225
20884900
45630025
41538025
7980625
3258025
32092225
90345025
44890000
10368400
21114025
90345025
8970025
68475625
44289025
78234025
29920900
12567025
21114025
26988025
13542400
51337225
17222500
15840400
30625
88078225
52852900
75516100
54390625
1092025
2325625
10956100
24850225
51265600
14478025
73702225
1452025
54834025
25452025
31753225
50268100
55056400
75082225
14822500
1050625
55428025
3724900
17682025
91202500
37393225
7980625
30747025
1060900
55279225
15132100
10627600
4752400
28249225
9394225
21298225
33120025
26988025
20070400
63600625
15721225
9486400
4972900
31584400
20205025
21715600
94284100
57304900
112225
96432400
40386025
75864100
50836900
14440000
211600
184900
940900
11155600
19492225
5452225
3045025
66015625
336400
4494400
12567025
85747600
1144900
1918225
14592400
53728900
37761025
42025
57912100
20025625
47955625
65205625
5640625
28944400
26574025
52780225
49210225
3724900
5664400
172225
51051025
12709225
14822500
1575025
8880400
36421225
1177225
600625
90820900
65529025
25502500
9241600
24304900
61622500
9610000
48511225
96727225
469225
3115225
18748900
2175625
43428100
6100900
1060900
7075600
42250000
23088025
65044225
15132100
39375625
67404100
5359225
2788900
79744900
91393600
42837025
16120225
20884900
33062500
38130625
1755625
18879025
59136100
75864100
577600
63282025
73188025
91680625
5152900
286225
98704225
30580900
3705625
63760225
23232400
30913600
16120225
64240225
35700625
22992025
2190400
65934400
8352100
126025
62500
62500
714025
14784025
63760225
25806400
49140100
92544400
16974400
57988225
27931225
2418025
49632025
69639025
490000
2640625
97318225
5175625
16564900
76562500
90916225
47679025
3591025
10240000
12285025
6916900
7398400
532900
75864100
302500
1600225
46308025
3258025
10923025
58675600
87142225
3841600
2044900
27615025
85192900
12180100
18966025
16687225
3385600
89113600
20748025
8584900
577600
58369600
54612100
5040025
13764100
23863225
4264225
92256025
6400
86955625
14592400
53071225
4972900
17305600
10562500
6076225
56776225
29593600
76038400
21576025
71233600
94672900
40132225
8410000
14592400
4950625
26061025
16851025
26368225
88642225
15523600
52200625
14364100
3367225
37761025
9954025
874225
93219025
2102500
16240900
672400
9025
7344100
5593225
54169600
19492225
86676100
16728100
16000000
14100025
89965225
38440000
68641225
2500
86955625
99700225
22705225
21855625
3900625
15405625
23522500
6864400
15840400
25200400
3900625
39187600
10923025
3258025
24552025
970225
156025
62805625
38875225
10627600
4774225
70896400
96432400
1890625
739600
6375625
4950625
74046025
89680900
40960000
2941225
85285225
12996025
2739025
24010000
16851025
7317025
56776225
3880900
5152900
32205625
22705225
9672100
2656900
3783025
55875625
79834225
102400
15625
12040900
66015625
62410000
32890225
88360000
36481600
14707225
23716900
10660225
81902500
23522500
4202500
1392400
2755600
2992900
9060100
52780225
17935225
27352900
14100025
2310400
765625
80013025
1380625
21669025
19140625
1600225
22562500
8008900
24010000
1809025
68641225
23863225
10368400
20295025
2608225
50481025
7344100
44089600
21855625
61858225
2449225
73273600
577600
43428100
1729225
23814400
99102025
82992100
78943225
47265625
31753225
1380625
23863225
15840400
1221025
91680625
59985025
319225
2131600
90250000
33120025
26368225
2839225
29757025
3367225
1092025
55428025
13690000
801025
13764100
9859600
53217025
62094400
33756100
48094225
774400
10048900
23716900
71487025
62500
51912025
1890625
90060100
23232400
2190400
60684100
44089600
2941225
16900
52998400
85840225
25150225
8439025
18966025
3591025
1729225
19096900
68475625
30085225
69973225
62331025
52562500
75082225
12673600
76300225
56625625
29106025
76912900
38254225
1537600
32775625
21160000
37149025
3841600
48372025
20070400
70896400
79744900
32376100
89965225
462400
39000025
30085225
96432400
90820900
25654225
35402500
722500
89113600
14326225
64722025
68641225
77880625
6916900
19624900
270400
2059225
15642025
52200625
6708100
12996025
67980025
1537600
23136100
52780225
1600
89491600
18705625
39942400
24700900
28729600
672400
91489225
20611600
37884025
11662225
8179600
697225
7756225
28143025
40005625
32718400
56100100
16120225
4884100
8410000
30415225
15288100
73530625
4515625
92640625
8179600
25200400
44222500
52780225
26884225
48094225
1020100
748225
20430400
77968900
77616100
19600
2739025
1416100
1081600
92640625
96628900
55950400
79744900
7182400
19272100
297025
58905625
184900
65691025
4558225
89491600
5040025
13322500
7672900
6002500
31584400
42706225
87984400
15960025
13579225
91202500
37699600
63043600
3150625
8410000
17098225
11868025
64963600
86676100
90250000
29593600
8323225
20611600
17556100
72931600
3385600
25755625
73788100
52128400
2805625
7756225
8410000
42025
8702500
14364100
24750625
11937025
49140100
1210000
3258025
10432900
448900
68392900
1030225
46512400
17472400
78765625
74995600
36784225
67732900
74476900
91776400
20295025
35224225
6682225
8970025
54316900
95844100
4080400
220900
30030400
95160025
40576900
765625
29702500
84100
93993025
55726225
28090000
99301225
29052100
403225
50410000
41473600
27352900
15960025
82446400
33988900
33814225
4900
67600
6300100
44222500
31866025
4452100
35224225
88360000
6708100
53217025
54538225
93412225
10272025
47334400
2689600
58369600
180625
48720400
828100
54538225
45697600
38502025
11764900
56625625
82810000
198025
14364100
44488900
70225
688900
112225
87796900
99002500
4622500
384400
85562500
39375625
57456400
2464900
26214400
76825225
70896400
78676900
94575625
44222500
4326400
490000
51984100
95746225
11628100
38254225
6100900
11730625
30913600
74995600
28900
9891025
45225625
30525625
34225
23961025
45900625
330625
2496400
59290000
54834025
67732900
16483600
30747025
30360100
144400
9120400
31528225
58446025
45091225
43824400
19360000
9150625
29866225
41925625
5175625
27196225
57988225
11662225
47748100
29214025
21996100
4818025
35521600
32947600
99002500
14440000
4906225
15405625
28729600
38130625
49210225
1488400
74304400
71149225
1428025
28622500
3822025
372100
76650025
6708100
2941225
1380625
33235225
9891025
1357225
87422500
89965225
37761025
2788900
12496225
53655625
78943225
66422500
26061025
55279225
70476025
14100025
297025
62331025
6150400
11122225
91393600
32376100
50623225
30625
37576900
17222500
12145225
1464100
1060900
846400
75342400
11458225
319225
54316900
5856400
47059600
54982225
18705625
9891025
4182025
6002500
64320400
31528225
70224400
35521600
207025
26988025
73788100
55502500
14784025
3610000
66504025
24900100
19096900
4972900
29593600
18361225
91107025
5152900
330625
10336225
48720400
12100
94965025
50694400
400
1020100
74736025
1254400
77880625
11662225
2235025
6838225
547600
442225
93702400
7182400
2235025
21114025
4000000
6528025
87142225
96628900
44488900
67404100
46444225
60217600
60762025
31866025
20611600
3534400
16240900
20566225
93025
88078225
64000000
3900625
12100
11356900
1322500
7317025
52780225
2280100
48511225
36844900
36421225
51122500
38502025
15840400
51696100
19096900
2146225
92544400
70476025
82174225
35164900
13468900
23814400
3222025
172225
24255625
9333025
3822025
11526025
4202500
2220100
52128400
14025025
12075625
9333025
78499600
26368225
70224400
25300900
84088900
23814400
44622400
18318400
32947600
35700625
1918225
20070400
45630025
19536400
33235225
54834025
442225
80640400
4120900
11526025
10530025
46922500
87025
7236100
10240000
2856100
156025
54834025
51984100
97812100
32775625
16443025
52998400
28090000
61936900
37945600
52562500
68890000
1960000
17808400
14100025
42706225
29757025
72675625
74046025
5499025
22231225
22372900
40000
65448100
11764900
4972900
4389025
63760225
2689600
93993025
2544025
3422500
8970025
19096900
7756225
1123600
8323225
5784025
50623225
39250225
45292900
4950625
64240225
23377225
16974400
1600
23088025
39375625
3534400
61465600
12924025
93025
7263025
25603600
99002500
1000000
12924025
73017025
42640900
98803600
1795600
1357225
68973025
22800625
35521600
2418025
20430400
94575625
33814225
39627025
2235025
12496225
61230625
7507600
286225
11256025
48163600
1020100
35760400
21298225
3553225
7562500
4972900
26574025
648025
47748100
313600
73960000
25959025
7590025
55225
1464100
29430625
17850625
8880400
74046025
6760000
21160000
27825625
11833600
6864400
39816100
20839225
1322500
31024900
41152225
2958400
12145225
96040000
67650625
67732900
5712100
1357225
32035600
6027025
5593225
39000025
84456100
60450625
722500
99301225
6996025
10144225
2088025
36481600
85192900
25959025
4884100
5640625
1254400
47748100
56550400
21022225
20566225
31192225
24750625
88360000
22090000
17430625
82174225
84364225
49140100
61701025
56100100
63361600
133225
25050025
58828900
27615025
2739025
40704400
30195025
2265025
1188100
25000000
874225
40960000
1651225
2131600
46036225
819025
1729225
172225
9120400
14100025
35880100
34225
59367025
28783225
17472400
74218225
24601600
97318225
93508900
100
17472400
9030025
45427600
71149225
10272025
7102225
504100
38875225
13432225
5359225
47128225
58140625
72250000
17977600
8008900
38812900
62805625
99600400
5428900
2544025
21436900
23716900
18490000
34692100
74822500
11868025
95844100
11628100
1092025
4326400
19272100
38130625
23814400
95550625
32947600
48930025
85562500
93508900
34987225
3763600
80550625
792100
100000000
3258025
84088900
7425625
38626225
90060100
40960000
25959025
74995600
43296400
32775625
22848400
19228225
11833600
58675600
8094025
7317025
46225
7236100
46036225
2941225
38068900
8497225
79744900
65448100
6916900
11560000
27667600
40513225
4774225
24552025
11560000
10824100
33640000
29376400
10660225
14899600
27144100
5569600
17935225
15132100
8265625
15523600
53071225
7562500
78499600
442225
105625
26522500
970225
44488900
11122225
87796900
99600400
5664400
4644025
88830625
42706225
37393225
37210000
83905600
1575025
10627600
42706225
71233600
7344100
84180625
71402500
34692100
33062500
5569600
4708900
10530025
98704225
49773025
33292900
93993025
18576100
89491600
372100
13140625
15288100
11764900
31248100
15760900
1288225
12673600
60450625
64722025
35940025
60996100
40005625
35343025
31080625
15523600
3648100
225625
4080400
19936225
409600
65205625
91107025
22231225
22848400
409600
1081600
100000000
819025
46444225
6553600
38440000
32376100
77704225
75342400
15249025
23668225
74822500
21808900
21949225
23136100
4202500
33408400
112225
13140625
12888100
55875625
50908225
4225
15054400
1600225
92640625
774400
1000000
18190225
27615025
13764100
29214025
58675600
9302500
65448100
9394225
29052100
62094400
53290000
25300900
29376400
136900
12888100
14440000
3940225
17222500
72675625
16240900
69889600
23571025
30250000
67240000
93025
65448100
60450625
8614225
20884900
67404100
180625
748225
21252100
99002500
87142225
69139225
33756100
2356225
3062500
73017025
970225
2310400
2044900
8761600
33062500
2496400
44089600
26214400
71910400
4225
3330625
48372025
35760400
6786025
2371600
1716100
4120900
2146225
28944400
7645225
4494400
79210000
64722025
34105600
24157225
6477025
555025
1809025
1651225
75255625
66912400
53728900
3783025
2512225
6864400
96727225
1575025
1380625
62173225
52200625
61152400
11055625
34105600
172225
12673600
26832400
37149025
83356900
57456400
95746225
11526025
67240000
21114025
72675625
24108100
48372025
76825225
76038400
14137600
36784225
99700225
35521600
87516025
43230625
92929600
16687225
11628100
68641225
16605625
18879025
15721225
27040000
7425625
48302500
2418025
35046400
1243225
16605625
6760000
24255625
2640625
931225
12602500
69388900
59367025
59598400
60762025
4368100
22372900
2640625
18361225
714025
211600
36784225
88360000
30085225
97022500
14440000
74046025
2418025
3478225
4622500
8265625
23814400
2856100
23814400
1809025
8497225
43296400
83814025
21252100
86025625
93122500
10725625
32718400
12496225
99700225
83356900
77704225
11122225
62331025
13140625
32376100
3591025
56550400
58599025
66748900
14938225
697225
13764100
525625
16933225
10000
55502500
105625
10048900
76038400
73960000
235225
9859600
10368400
60684100
69889600
29430625
9211225
1221025
50481025
96100
15960025
57304900
1144900
27825625
8702500
1716100
34633225
403225
88830625
13225
66667225
56325025
83905600
71740900
44422225
15054400
39753025
33640000
43824400
15054400
11055625
64320400
76300225
43824400
1392400
46036225
19492225
6838225
85192900
49632025
12780625
20070400
91489225
68227600
51912025
15132100
59752900
55428025
31753225
70896400
9985600
37149025
11628100
3900625
87516025
532900
84732025
32035600
52780225
1575025
66667225
87984400
21022225
18835600
18748900
3478225
95257600
15132100
6325225
31248100
77616100
56550400
20839225
22420225
400
78400
96040000
77704225
56175025
56550400
102400
70980625
72675625
21808900
5522500
95844100
59521225
81631225
27984100
22992025
11628100
10824100
27667600
63760225
35521600
15484225
84364225
28890625
95746225
11662225
23280625
8761600
10627600
44222500
7225
6708100
29214025
51696100
80640400
9579025
4225
43494025
577600
7728400
25
34225
19536400
11022400
2856100
72675625
22090000
23716900
5290000
490000
30525625
13032100
8791225
25351225
74218225
82264900
35046400
7590025
74046025
1974025
20611600
11424400
24010000
469225
1729225
69722500
133225
11526025
2190400
49843600
2941225
504100
30085225
87235600
21669025
96432400
64480900
51984100
67404100
22705225
4000000
2235025
58216900
63361600
2280100
75864100
30415225
93025
14100025
72931600
39753025
5808100
4431025
30195025
69472225
76300225
4687225
31024900
4774225
2088025
624100
46444225
12390400
10176100
57912100
39000025
78676900
664225
98803600
29702500
82810000
184900
78234025
225625
1357225
94284100
91202500
6477025
30913600
46225
1716100
12602500
3367225
3478225
84180625
3841600
1755625
43824400
10432900
5664400
7924225
38316100
748225
5290000
18361225
49843600
55225
58369600
6451600
70896400
46308025
25300900
77704225
17056900
6708100
40195600
102400
2592100
10080625
46444225
2175625
12460900
7812025
148225
25200400
60062500
15642025
30747025
88078225
17305600
73273600
96138025
81090025
24403600
11971600
3367225
46922500
3312400
5040025
21949225
46854025
29702500
9120400
60762025
7398400
469225
133225
8702500
55428025
9765625
35700625
61858225
1500625
17472400
6553600
555025
21669025
7728400
3422500
40005625
52900
33062500
16687225
22705225
12180100
26677225
16321600
31753225
4000000
31416025
40704400
11022400
34105600
29757025
80371225
3045025
14364100
5880625
30747025
184900
49140100
95452900
52562500
319225
67240000
70896400
6528025
80281600
2418025
59830225
51552400
7155625
33292900
24552025
34339600
40000
43692100
36100
1221025
19140625
81090025
1755625
912025
88830625
73702225
4818025
61230625
11560000
8940100
1575025
63361600
302500
7480225
3648100
42315025
60996100
5152900
16483600
31080625
90630400
4182025
47334400
37761025
60295225
23280625
9120400
10176100
19536400
41860900
11323225
60025
11526025
1677025
13542400
24010000
32376100
44823025
25654225
88830625
96100
66504025
55875625
18062500
372100
11458225
99900025
47886400
90630400
43296400
47748100
16000000
87984400
37393225
35581225
483025
67486225
1488400
16000000
5640625
54760000
79566400
13032100
22090000
49420900
1221025
53436100
88642225
10336225
52417600
57229225
97219600
55875625
51696100
1974025
22992025
66259600
3441025
44289025
67980025
41667025
35700625
74046025
828100
96628900
16605625
34105600
85840225
32376100
483025
81180100
40195600
3478225
9150625
2500
30691600
60996100
96100
1345600
10465225
84088900
35224225
18190225
14899600
54096025
28302400
1755625
10857025
39000025
5784025
72420100
25502500
40896025
79566400
48302500
51912025
56400100
48302500
2175625
97812100
38440000
11833600
25806400
53949025
48720400
5712100
72165025
4884100
2992900
55225
18879025
15642025
348100
1876900
6100900
38316100
82810000
82992100
1638400
6375625
19624900
33408400
5499025
87703225
66994225
22944100
7507600
184900
71233600
4708900
2235025
58828900
1155625
22992025
78499600
91393600
72505225
1155625
95844100
2280100
31192225
17935225
22090000
57684025
12390400
24025
40704400
8094025
265225
3204100
73017025
17724100
14668900
74995600
89965225
2941225
64963600
42902500
11764900
56325025
7425625
99102025
38502025
5175625
23668225
49984900
9796900
17098225
3150625
4020025
14440000
41088100
14592400
86025625
26728900
88830625
19891600
36240400
4884100
16240900
52635025
84916225
422500
12496225
33640000
6786025
36300625
37699600
27615025
40000
330625
47955625
47128225
32775625
16000000
4840000
112225
3115225
49350625
24750625
73444900
82446400
35521600
2175625
14822500
71910400
8584900
13213225
22090000
4622500
22137025
90820900
84456100
302500
86583025
2146225
16810000
7182400
67897600
74304400
44890000
49632025
9859600
36100
34515625
49773025
83083225
16240900
82174225
80013025
44222500
26368225
7812025
65044225
36421225
88266025
3763600
26522500
36663025
10758400
10048900
28890625
2449225
50908225
49773025
47955625
77088400
15642025
83356900
36966400
469225
85285225
14440000
883600
65448100
1144900
98109025
366025
4622500
63361600
67404100
38812900
28900
640000
76650025
60217600
39942400
26061025
28890625
62568100
84100
45900625
240100
10660225
16933225
409600
61387225
4000000
6553600
18879025
144400
52900
89965225
72165025
86118400
48094225
2992900
80281600
8179600
45697600
297025
42837025
64080025
38130625
74046025
60996100
49000000
71233600
73702225
1974025
52900
93412225
55056400
697225
96727225
11222500
17305600
28462225
10000
85747600
4906225
30525625
1288225
12040900
62173225
63282025
5244100
43296400
69388900
8151025
33408400
1500625
80640400
4060225
319225
55204900
1974025
4818025
22992025
3204100
1210000
45091225
33756100
51122500
52900
20976400
12145225
42706225
2544025
8179600
5664400
1144900
56100100
77880625
11323225
3880900
18619225
70140625
30195025
4141225
42902500
62568100
6076225
92352100
30913600
99400900
1276900
75516100
469225
9610000
12390400
51912025
53728900
10272025
32947600
1500625
56400100
88548100
25000000
66667225
4000000
8614225
26112100
40005625
60762025
82174225
55204900
23280625
31696900
18619225
19009600
87142225
13801225
7840000
1452025
85470025
76387600
56851600
25050025
469225
5452225
87796900
5664400
3496900
4452100
29866225
100
16687225
7507600
84180625
330625
28944400
9796900
31528225
33062500
43890625
32205625
3724900
67600
22848400
42055225
67240000
6400
17682025
58905625
16483600
1651225
18619225
58140625
7236100
99600400
17850625
4080400
97614400
34164025
36663025
462400
2941225
220900
12180100
24900100
25502500
67600
49632025
58216900
3150625
3841600
54834025
1600225
9672100
9060100
57456400
45832900
69472225
3496900
20611600
354025
3010225
19272100
1795600
82810000
26368225
14938225
4687225
22372900
67600
34633225
38440000
26728900
49773025
21160000
49210225
24453025
15760900
56550400
3763600
16443025
56325025
3783025
330625
17850625
72505225
83631025
14592400
55428025
80013025
98803600
25755625
58905625
9302500
44488900
40322500
44488900
21576025
13653025
168100
26214400
55279225
42902500
15484225
68145025
225625
36120100
14938225
48720400
10465225
26574025
6604900
28783225
74563225
78400
18705625
144400
24601600
44890000
98704225
91393600
62805625
27984100
4950625
912025
69639025
55950400
18190225
57002500
57532225
72931600
44422225
23716900
133225
18232900
81721600
5221225
35164900
33814225
21390625
35521600
33640000
14478025
94575625
4884100
156025
56625625
1537600
52128400
65205625
2755600
22515025
49561600
1600
41152225
35700625
16200625
90820900
40195600
7155625
53875600
4368100
8094025
89491600
95550625
33640000
57304900
65205625
88266025
50908225
31866025
42120100
14554225
76650025
41538025
5856400
21996100
43626025
4622500
17430625
49984900
96432400
93799225
37945600
9211225
13912900
5359225
35521600
81993025
16851025
44222500
32092225
96924025
16851025
50836900
7756225
1288225
27615025
390625
25351225
32092225
82537225
82810000
23088025
88360000
32376100
31696900
60062500
44890000
93993025
99002500
30030400
22090000
41860900
58369600
6225025
80281600
15132100
3783025
61387225
16974400
3150625
24700900
1357225
13690000
96924025
6838225
4774225
38812900
21160000
46512400
8236900
55428025
92544400
30085225
3648100
88924900
12145225
44089600
5040025
7840000
55428025
4182025
3940225
30195025
69722500
1311025
1123600
17222500
53290000
41473600
8094025
36240400
19096900
2464900
5107600
7344100
765625
3441025
429025
44023225
46225
8352100
3667225
14554225
14554225
46854025
87703225
33640000
39942400
4243600
68724100
2608225
14025025
53071225
30250000
11662225
26677225
372100
32890225
36663025
29052100
48163600
82992100
59521225
20475625
6996025
16200625
57532225
93799225
61701025
96138025
21576025
75777025
17724100
5313025
38130625
3822025
1357225
547600
40132225
87142225
93799225
1876900
1464100
156025
10272025
6400900
68973025
4579600
625
49210225
64561225
24850225
27300625
21160000
22657600
12285025
62331025
2656900
2059225
98208100
44422225
74046025
940900
24010000
1876900
34987225
12888100
10048900
36300625
91202500
1638400
4900
2402500
2464900
49843600
38254225
15249025
70728100
34515625
22562500
90250000
10240000
2544025
336400
72675625
8094025
1849600
25806400
57684025
7480225
2706025
7236100
3062500
98208100
85192900
18361225
60684100
2496400
10660225
19492225
13912900
22137025
354025
38068900
18835600
38875225
49210225
56776225
24700900
93219025
7507600
10562500
2592100
93993025
20884900
5522500
12496225
13468900
7672900
3783025
61701025
83083225
1890625
4972900
21715600
64480900
47128225
75603025
13579225
70140625
15840400
13579225
90345025
112225
71995225
28900
8970025
47541025
11526025
91489225
1600225
2856100
79744900
23425600
81180100
9796900
22848400
4225
35880100
95746225
1562500
403225
70392100
64963600
48930025
39250225
17850625
55502500
35581225
40896025
79834225
1677025
72931600
16974400
20070400
570025
7896100
23377225
5452225
9394225
133225
9610000
60217600
21160000
50197225
30580900
14137600
29376400
5593225
83539600
37515625
12709225
19096900
19492225
4950625
18705625
26728900
1600225
100
32433025
4020025
55726225
11122225
62805625
