2446096
364816
46758244
24522304
13454224
69422224
47224384
23951236
12559936
60964864
4129024
75829264
38663524
58308496
25020004
54789604
81685444
83759104
1267876
69022864
4648336
16384
2630884
44542276
183184
30382144
29964676
8375236
44142736
60403984
972196
174724
30228004
3407716
76597504
760384
43903876
6240004
71436304
33085504
2748964
65254084
34316164
22771984
2808976
28026436
2735716
784
73984
3268864
3076516
2999824
1149184
43138624
1227664
11999296
17455684
63552784
46485124
7300804
99880036
4096
37185604
44944
4351396
357604
47524
118336
28879876
15618304
87347716
89000356
61905424
2849344
64288324
77757124
9821956
48748324
1136356
57214096
69822736
1263376
37185604
40806544
2427364
48748324
5207524
7300804
6801664
91164304
2630884
465124
15429184
95922436
33570436
96786244
4293184
26584336
1844164
30382144
67010596
31449664
53523856
21307456
95218564
61842496
99361024
51437584
4072324
57123364
2951524
25664356
19518724
3034564
59320804
13118884
96668224
110224
47499664
2334784
33825856
32467204
46185616
228484
19254544
35259844
90744676
34904464
75933796
49308484
11806096
64673764
9604
37847104
36675136
21196816
22259524
28472896
51609856
94633984
9265936
4096576
31787044
379456
11303044
24344356
53816896
7997584
9498724
79138816
16777216
3519376
5345344
44944
46594276
41190724
1420864
50779876
1036324
34316164
49168144
1056784
8904256
1800964
2353156
2611456
38291344
85895824
9746884
401956
18028516
57486724
39413284
19324816
71031184
2534464
2050624
1779556
58736896
17656804
14318656
11235904
55591936
17007376
5438224
18905104
58564
13017664
89000356
8305924
85784644
781456
226576
36457444
5125696
5466244
66618244
57942544
42276004
41011216
52157284
74580496
1157776
11874916
57486724
18421264
11182336
309136
50951044
30647296
8145316
58461316
106276
31047184
43454464
4218916
92775424
77827684
75968656
57668836
50176
5635876
10995856
21492496
69588964
22600516
1737124
18887716
25260676
59536
19061956
20322064
40804
10099684
61058596
40398736
25381444
74718736
41113744
407044
84015556
37773316
1331716
7862416
1909924
132496
14730244
96983104
87871876
58491904
23059204
13924
53824
1406596
1982464
13557124
92121604
1263376
61842496
5456896
88209664
1378276
29637136
602176
99121936
13366336
50353216
44809636
6980164
3444736
78712384
19642624
7300804
46676224
7409284
79316836
69789316
34199104
10291264
31516996
15904144
60310756
44169316
119716
63457156
16192576
60124516
58491904
50154724
60497284
11874916
6615184
17774656
51868804
12334144
145924
8976016
11682724
99042304
73376356
62980096
10355524
34128964
306916
238144
65536
65966884
27269284
77651344
98049604
355216
10719076
8844676
15952036
78039556
27415696
1249924
163216
40424164
40551424
2421136
24226084
10355524
22335076
5216656
58583716
7941124
817216
35188624
69422224
86229796
2704
47306884
649636
96393124
3247204
34904464
276676
10797796
60403984
952576
60871204
11847364
19061956
8282884
25180324
14077504
87198244
1993744
74097664
29441476
25989604
106276
79780624
72454144
123904
50580544
376996
77193796
2876416
1582564
300304
83210884
69089344
11874916
7107556
21215236
15272464
80425024
850084
529984
7828804
33825856
57942544
7873636
61434244
2155024
32878756
12306064
88435216
97495876
10705984
61246276
11587216
15745024
1592644
78925456
76492516
96668224
72114064
82919236
37773316
61183684
8305924
37797904
19114384
58920976
25542916
66650896
63425296
3452164
28494244
21104836
85303696
3857296
1893376
60435076
23600164
8099716
70795396
11397376
6801664
3452164
11303044
5541316
59382436
215296
18905104
662596
309136
27227524
4631104
62948356
98644624
21696964
5541316
60902416
99720196
4910656
11505664
42484324
79780624
27331984
46158436
6421156
28366276
25441936
21215236
74097664
82700836
16032016
25020004
6330256
58400164
12138256
22202944
440896
18731584
41319184
17023876
31764496
1522756
7573504
82919236
95961616
89453764
6512704
13278736
56911936
9604
51466276
1157776
99361024
10061584
2579236
2676496
67141636
97930816
69588964
55771024
40347904
42667024
93161104
69089344
11519236
861184
62283664
36312676
77545636
11075584
39212644
1359556
5779216
46895104
1700416
77228944
52157284
3136
5466244
48888064
164836
31854736
57183844
26646244
17606416
12759184
1106704
1106704
87086224
9351364
12348196
53260804
12208036
21325924
23658496
10137856
79637776
3928324
465124
34668544
82228624
13235044
97337956
6728836
4857616
53465344
81830116
17355556
66161956
69822736
83320384
30162064
24423364
40347904
2316484
45995524
26646244
135424
5271616
41396356
5098564
71824
19149376
5125696
61528336
2979076
76807696
62948356
70829056
47251876
19589476
2709316
8111104
59783824
95804944
37724164
6130576
88661056
252004
35976004
47499664
70593604
32512804
45535504
57668836
1170724
11505664
19518724
11792356
43454464
2050624
67436944
729316
1036324
59413264
6677056
18905104
55413136
76177984
80209936
48219136
14945956
99121936
7139584
9759376
4502884
20539024
15335056
14258176
17123044
19114384
99856
11874916
37920964
73891216
1401856
50580544
2226064
20593444
6310144
43771456
74407876
18783556
276676
56280004
58094884
56670784
56460196
32741284
11236
31651876
1012036
93934864
22714756
925444
6492304
40934404
2768896
70795396
9709456
98684356
38464804
583696
74615044
44809636
21086464
96786244
51179716
5317636
1800964
2669956
82482724
1898884
80656
58951684
23078416
94864
41422096
8168164
10137856
16679056
74787904
1308736
11888704
10903204
37478884
73239364
14714896
77018176
61371556
96983104
81072016
4813636
71944324
30780304
62031376
62758084
3857296
31516996
69488896
52678564
15178816
78464164
1800964
31158724
53085796
246016
92313664
4104676
4545424
50779876
5513104
1196836
3701776
6390784
41422096
69622336
417316
13380964
8655364
19571776
23078416
53611684
23406244
8809024
21548164
10316944
59197636
26357956
13293316
69822736
56670784
29333056
69288976
10252804
58736896
1317904
3844
56310016
80856064
8099716
41705764
73376356
283024
53377636
21939856
24960016
4778596
15713296
123904
71436304
47416996
5400976
23001616
6130576
14455204
46185616
60031504
15413476
72829156
65674816
68525284
23290276
145924
5317636
57214096
69588964
97377424
97732996
24661156
3341584
32672656
15792676
84235684
32809984
45050944
67338436
14182756
58951684
7333264
72863296
20484676
45778756
11519236
88585744
824464
94633984
20214016
8868484
32741284
15376
5262436
56761156
89264704
2202256
49477156
50176
70324996
11262736
21921124
47997184
17774656
63616576
10445824
95491984
37405456
96983104
5466244
31427236
54434884
67010596
12306064
76352644
29767936
28174864
8916196
48916036
46895104
38962564
22033636
20448484
76143076
92698384
9647236
43983424
53523856
1784896
937024
81504784
71503936
3556996
53816896
31225744
128164
80389156
66161956
20052484
95570176
38365636
343396
17606416
32672656
28858384
97495876
3984016
80712256
60964864
84566416
784996
61277584
9947716
93973636
89151364
11035684
38019556
40347904
44462224
37636
62758084
61183684
6190144
19731364
4218916
1893376
97970404
72829156
24049216
83685904
99480676
23639044
17656804
68095504
7739524
5262436
56644
36699364
43903876
91164304
48330304
5982916
42745444
40804
31899904
79780624
65966884
29833444
63234304
27541504
15649936
40883236
16386304
3076516
95687524
3587236
86564416
72624484
5189284
41964484
4218916
13601344
12264004
4910656
94633984
10601536
6853924
85673536
4293184
12545764
574564
18627856
47087044
82700836
6801664
37258816
71301136
8444836
3247204
401956
10837264
36385024
7150276
28174864
11316496
4
68823616
36096064
10745284
76877824
32924644
9560464
54405376
1183744
22486564
17956
6895876
66814276
22335076
58003456
2521744
64577296
12931216
23001616
16760836
78251716
22429696
1136356
74097664
40475044
708964
36336784
59105344
45508516
19430464
99121936
20502784
23483716
5973136
34833604
50154724
200704
2768896
1149184
1024
155236
87759424
9024016
3912484
14577124
3452164
48135844
38291344
14531344
10086976
37503376
31684
44462224
30976
32878756
1705636
7772944
2521744
81036004
92121604
51294244
67996516
30096196
77545636
87616
83759104
96196864
1449616
42719296
20106256
35593156
49308484
3655744
37724164
2534464
16370116
31684
42588676
27081616
7929856
334084
47914084
10086976
12124324
85451536
68293696
2334784
10329796
66552964
71824
21548164
27730756
23020804
24049216
6959044
92467456
3474496
33849124
17656804
481636
12138256
53787556
74373376
90174016
63425296
62948356
306916
25260676
35307364
1024144
84971524
16370116
59382436
53173264
60902416
20106256
8844676
8386816
37429924
22600516
80656
46348864
35022724
42406144
40857664
70123876
55771024
44782864
74373376
34833604
37429924
20593444
93818596
86341264
1175056
1811716
73582084
39639616
17522596
54523456
1364224
13060996
88472836
6220036
32307856
1085764
1295044
20994724
94051204
54878464
21752896
64224196
35617024
32194276
23600164
86452804
38464804
44809636
18438436
72556324
868624
18113536
22448644
83759104
16386304
14500864
11236
1827904
37920964
4857616
46321636
43454464
14807104
38887696
15792676
73984
4999696
5683456
28601104
88021924
44863204
2835856
12545764
33500944
52591504
76807696
12475024
10010896
1331716
63552784
76492516
77510416
42016324
9523396
5216656
32330596
145924
84015556
16224784
13456
53787556
9972964
8317456
17023876
139876
72556324
2598544
11383876
15952036
17205904
61277584
35236096
3625216
9872164
8031556
81830116
77757124
6543364
33895684
17123044
20557156
46022656
46403344
17355556
10719076
81793936
15792676
74926336
23104
2729104
65642404
56280004
8145316
15697444
4177936
407044
52301824
18852964
90402064
80174116
1249924
206116
12945604
195364
75030244
22108804
83685904
28472896
246016
4528384
24167056
28536964
55830784
59938564
85636516
1304164
92083216
30780304
872356
95491984
65577604
1373584
39262756
56670784
438244
15335056
20268004
43586404
1478656
614656
57668836
10291264
15382084
38539264
3844
77334436
40857664
97377424
3694084
60403984
7139584
6895876
87647044
1684804
10407076
32809984
10705984
614656
70997476
14318656
12716356
1331716
6390784
51093904
27164944
11930116
57093136
36554116
64516
48636676
8868484
60777616
44863204
37552384
16144324
48804196
75203584
59413264
97337956
283024
46594276
6635776
59876644
30184036
3556996
97930816
3857296
50580544
16048036
5721664
6724
49758916
31181056
40398736
37552384
13118884
17707264
2951524
84529636
40653376
74926336
30448324
75446596
14485636
55115776
20502784
31967716
67535524
30184036
50176
14092516
9351364
18524416
3556996
10837264
41036836
35331136
90859024
44142736
35259844
30228004
92236816
76597504
96983104
40170244
34975396
28665316
6853924
6948496
1223236
22146436
57729604
4831204
44542276
75203584
4024036
65642404
1747684
29658916
26646244
8491396
5071504
15713296
3541924
65836996
44863204
83320384
73170916
24068836
78570496
11888704
42406144
95023504
36192256
87310336
85969984
44702596
7011904
16630084
14961424
37185604
817216
37920964
676
46594276
8916196
25664356
67535524
42328036
43533604
34597924
82700836
14303524
34668544
58920976
91087936
93045316
80389156
5262436
41165056
90935296
36264484
88804
1240996
63234304
196
891136
46730896
63712324
14047504
71098624
40804
2353156
67831696
1236544
60403984
70627216
17272336
12138256
66552964
10291264
58033924
97337956
2119936
28111204
54789604
49308484
29463184
48832144
74580496
9523396
24068836
1359556
41165056
300304
24964
20484676
6012304
9709456
47637604
1976836
1763584
70291456
10394176
95961616
11062276
24344356
97495876
96393124
28751044
39790864
48497296
69288976
79316836
7806436
9229444
17606416
88661056
59382436
2244004
40043584
8133904
60808804
2534464
13162384
68326756
65836996
7268416
88435216
58920976
48553024
55830784
56490256
16581184
2515396
40653376
45050944
4761124
89340304
10471696
309136
15904144
43533604
784
87198244
47224384
5550736
2630884
2172676
22033636
200704
3912484
3378244
153664
4999696
1721344
1669264
82555396
2611456
99161764
82156096
64128064
10355524
12687844
1162084
27709696
77123524
26091664
58308496
71301136
226576
83466496
274576
8111104
24940036
30713764
27415696
45104656
37636
35952016
52911076
63457156
94517284
94864
64673764
1444
38167684
50523664
27206656
78605956
48413764
65092624
6340324
21659716
7529536
31225744
55413136
77284
56640676
246016
23348224
93973636
27164944
5044516
13017664
83028544
21548164
86341264
163216
17073424
2775556
3748096
26853124
83101456
60497284
33825856
77123524
37063744
89908324
88247236
45050944
26460736
38365636
10291264
917764
28026436
33200644
7054336
26050816
83978896
698896
45589504
15376
14730244
8773444
407044
83137924
88247236
1106704
69588964
18800896
15147664
37136836
16711744
24186724
88134544
8809024
58125376
87572164
94322944
54848836
32307856
78287104
27269284
2540836
5635876
20052484
10099684
68644
54671236
2795584
3076516
69122596
82555396
81830116
611524
3952144
4048144
93741124
30713764
1865956
26460736
23931664
43217476
71824
88585744
30891364
92313664
1658944
11519236
49224256
32239684
51179716
91508356
65836996
3356224
99840064
33124
3297856
2808976
67634176
11343424
45265984
62980096
20593444
65966884
69822736
13897984
14760964
86229796
8042896
33547264
5866084
30492484
13645636
5513104
77545636
68624656
10278436
85636516
81504784
2458624
21104836
87871876
94167616
21585316
15570916
17960644
17774656
295936
48497296
506944
45859984
34762816
16
20866624
34128964
65966884
760384
67996516
5973136
18164644
20775364
58308496
42823936
58553104
3602404
2027776
215296
6431296
51955264
37552384
57183844
128164
71199844
1833316
52649536
487204
7744
90174016
24482704
47251876
54967396
27962944
6492304
37136836
57547396
6543364
89264704
4129024
18164644
45050944
58400164
60403984
35976004
92813956
2808976
68989636
69622336
33154564
20593444
33709636
13778944
40424164
1493284
8916196
7695076
86564416
47997184
1223236
1136356
51437584
77545636
66357316
17926756
87616
35022724
37039396
57395776
9647236
10201636
76667536
1387684
60403984
97337956
22146436
2172676
24127744
57638464
2748964
32444416
20164
88209664
21603904
1048576
16434916
3356224
12208036
62853184
76807696
87310336
327184
86564416
27081616
487204
96746896
17156164
87086224
48832144
94167616
76143076
69689104
1281424
29246464
55681444
7011904
9709456
33269824
3519376
88021924
12166144
82591744
3602404
861184
163216
258064
8916196
48888064
15178816
49730704
38738176
12902464
92083216
6980164
36626704
61504
268324
68095504
478864
71808676
605284
34480384
1098304
32855824
83028544
50098084
63457156
36192256
26481316
1308736
179776
44382244
60310756
70756
50779876
45589504
13337104
1827904
12945604
89567296
17205904
85969984
46403344
6791236
1378276
58277956
190096
84419344
49224256
1567504
67108864
35736484
61905424
813604
1784896
27520516
5476
14002564
93392896
3247204
57395776
45185284
952576
80317444
45373696
21603904
10137856
25684624
45050944
10291264
82664464
88774084
3602404
1350244
3319684
2715904
33686416
99520576
57365476
6948496
16386304
31684
18438436
49758916
5513104
4351396
35808256
215296
12759184
36192256
66161956
69322276
21049744
37650496
2328676
37552384
76143076
36457444
68823616
35976004
78605956
43270084
57851236
32239684
4104676
98089216
56761156
95726656
3717184
17007376
45670564
36990724
4293184
37724164
8631844
7529536
16096144
11669056
6990736
118336
60310756
465124
8620096
12517444
19945156
57820816
81252196
86081284
10816
28174864
23639044
11303044
24641296
43264
57729604
88435216
41011216
5579044
37503376
24780484
158404
29528356
68194564
2050624
13498276
22886656
14500864
179776
952576
37797904
20593444
57365476
21418384
7739524
8916196
27269284
57729604
95374756
91508356
40653376
78925456
9461776
22543504
84309124
46758244
8076964
18852964
32787076
15147664
24940036
4293184
1653796
80425024
15225604
96314596
32672656
94051204
85119076
29246464
4624
25664356
25684624
15888196
52330756
78074896
81144064
6543364
23290276
48804196
32672656
68326756
1056784
34597924
91317136
3407716
163216
71842576
81072016
21492496
93470224
27793984
295936
1936
4276624
12773476
48636676
69422224
22829284
2166784
42276004
79780624
31516996
23406244
20178064
33339076
73136704
62789776
81396484
861184
3020644
27227524
15888196
84897796
21381376
988036
3452164
88021924
15713296
91508356
5180176
2334784
4024036
1936
35736484
88472836
98596
3671056
55413136
14961424
19571776
71707024
850084
88887184
40043584
45050944
21641104
24780484
3928324
16273156
27520516
12588304
74580496
14638276
54671236
2202256
22886656
15225604
4892944
6130576
465124
70627216
59660176
1201216
31449664
3694084
30824704
41422096
23483716
1865956
46840336
9909904
85340644
53173264
5080516
44249104
32649796
22202944
4056196
33124
80532676
87572164
32467204
21864976
28686736
1069156
32787076
35378704
4351396
10719076
18731584
28472896
73034116
5317636
43903876
3579664
49505296
1032256
40780996
39513796
41654116
8773444
7806436
52678564
46267204
1008016
52041796
3225616
88021924
8386816
9935104
74200996
93741124
73685056
2553604
14273284
51466276
1267876
1844164
67141636
34597924
10816
32467204
13410244
1628176
52388644
93818596
55115776
763876
21473956
56280004
20052484
25180324
43903876
34880836
29767936
25482304
51351556
81796
32878756
98089216
93161104
26915344
89946256
46730896
4418404
87347716
6240004
85414564
44328964
1304164
498436
59413264
49646116
30758116
51811204
45670564
13162384
15376
23775376
2114116
73547776
21031396
14258176
36820624
37478884
8726116
46840336
7529536
36626704
8561476
29463184
209764
65545216
8797156
15178816
13235044
66324736
21827584
15335056
80317444
75724804
414736
3055504
1752976
18369796
30758116
4831204
2553604
77193796
35593156
850084
43375396
99960004
19784704
763876
46430596
11303044
80317444
2067844
33154564
41011216
11397376
11316496
73068304
40934404
55145476
58003456
35259844
708964
49056016
17007376
49252324
24344356
85414564
1547536
7606564
76143076
59013124
26357956
643204
16144324
8773444
16
9461776
66618244
32467204
1623076
69022864
18887716
2650384
17859076
262144
1267876
85673536
26896
59660176
4804864
48972004
430336
58951684
1240996
4804864
24049216
38663524
50353216
238144
8099716
51811204
3182656
11062276
59505796
85303696
48052624
98883136
66814276
75076
7441984
99840064
438244
74891716
44702596
84345856
52070656
25260676
2611456
20484676
17956
89378116
574564
17956
33016516
54878464
20811844
19377604
28879876
19749136
12588304
8561476
21864976
25847056
306916
32171584
21141604
2598544
60031504
4056196
3363556
2256004
2937796
41113744
27583504
2876416
5125696
91049764
13586596
84566416
18386944
37552384
25080064
6071296
4761124
29333056
9604
5827396
72726784
484
3334276
9572836
37356544
8726116
29008996
6461764
31651876
48080356
320356
10316944
89226916
153664
5071504
913936
31787044
70795396
16662724
6512704
29203216
76877824
20720704
45941284
48832144
92416
3139984
30448324
17272336
14348944
53348416
59013124
204304
24964
34597924
16760836
98089216
78889924
15178816
84125584
67634176
10916416
5827396
16908544
33895684
40398736
88698724
80604484
1119364
37773316
95140516
85969984
8773444
18783556
43744996
97140736
47524
15038884
454276
2637376
33709636
94400656
35236096
65092624
15225604
21977344
5354596
80712256
14409616
31292836
5326864
77721856
40119556
97495876
54228496
17606416
5466244
9634816
173056
438244
7409284
27164944
89264704
891136
32924644
28047616
18905104
69422224
55920484
8952064
52215076
23367556
15335056
50523664
41783296
12988816
32330596
16516096
17455684
74926336
32194276
96314596
46730896
96275344
72148036
1331716
35188624
5134756
24068836
2729104
4999696
5513104
4
4648336
7941124
26896
7365796
1449616
47665216
30976
1430416
43112356
652864
35117476
15570916
2729104
1653796
4734976
11276164
9132484
126736
73170916
379456
5080516
13456
73239364
14684224
6739216
708964
55413136
32581264
37478884
2572816
15225604
1503076
44382244
40271716
11478544
34668544
74063236
20106256
3232804
75655204
5438224
65674816
5513104
67996516
3912484
4919524
23020804
64096036
47582404
38588944
26708224
204304
15007876
64673764
12545764
1948816
77721856
57274624
64899136
232324
2079364
97456384
4761124
2439844
17405584
90859024
10484644
70291456
20178064
99840064
190096
56370064
13823524
40424164
1336336
73547776
34245904
57032704
14638276
26584336
27331984
4194304
2184484
7214596
1547536
61748164
712336
16386304
78039556
11383876
75238276
27019204
5721664
83978896
7862416
17926756
93624976
72726784
79530724
20106256
4892944
2365444
93045316
4831204
719104
40500496
22108804
7118224
29073664
92006464
26173456
7862416
5750404
5779216
96510976
64770304
2116
21362884
18852964
69522244
4778596
29855296
35617024
96393124
91317136
2808976
4468996
55026724
10876804
10445824
51294244
45616516
19201924
44782864
5779216
84750436
33570436
37429924
54671236
23174596
31719424
64288324
66618244
5234944
69588964
20268004
8248384
1012036
34621456
55741156
46430596
6822544
91087936
12292036
6461764
917764
43533604
75968656
26896
72352036
26708224
62980096
98446084
36024004
4919524
12544
21864976
7706176
376996
73650724
5769604
29398084
53173264
61528336
8832784
1976836
39488656
65351056
24522304
24285184
29964676
73685056
33779344
11115556
1623076
47251876
73753744
19114384
29463184
6635776
24127744
13454224
40094224
9096256
80856064
85673536
3888784
93354244
57638464
10916416
24462916
26234884
611524
38019556
18992164
11888704
55383364
79352464
81036004
83429956
5134756
925444
6370576
17956
81938704
73856836
90592324
63552784
1779556
11102224
28879876
23464336
94322944
4734976
38539264
7795264
28793956
17455684
1478656
82119844
13235044
11888704
42954916
87086224
4726276
77284
47997184
12645136
1643524
2010724
334084
31899904
8305924
11316496
17673616
58859584
58767556
4656964
87310336
77862976
44142736
27081616
28793956
32103556
5550736
89151364
92416
2274064
68326756
952576
99960004
85451536
84787264
84125584
92236816
702244
749956
45131524
3182656
1517824
85969984
256036
6120676
48330304
37258816
78889924
85525504
42354064
9168784
26030404
41654116
1926544
46485124
41011216
14455204
71639296
4129024
41499364
1459264
36820624
13924
51294244
1098304
78605956
45104656
96157636
4866436
20757136
28879876
1747684
11710084
25786084
150544
87347716
5837056
53027524
33431524
84750436
45454564
55145476
46185616
6280036
20448484
1162084
67601284
65642404
8317456
48553024
3912484
9229444
19571776
9560464
58951684
91431844
13162384
21641104
10797796
16418704
7431076
15085456
5779216
6431296
13191424
22714756
11669056
81504784
31719424
77193796
46485124
83101456
54493924
69089344
18852964
1378276
81577024
17859076
8988004
3511876
24167056
925444
9834496
2534464
78570496
565504
61811044
4104676
82047364
12082576
27857284
19784704
7639696
3247204
33339076
52911076
2630884
12687844
39413284
3625216
38987536
972196
64128064
96786244
26481316
39589264
38539264
35904064
17859076
62599744
69522244
32787076
341056
2483776
65545216
84419344
63425296
56310016
39740416
4682896
215296
6071296
55413136
1860496
50865424
85673536
2835856
3541924
52591504
14348944
73479184
58003456
15665764
2439844
1308736
35952016
78570496
71031184
32855824
78287104
5354596
57274624
70829056
18113536
6677056
4999696
35976004
34621456
1577536
65577604
2540836
1643524
521284
68492176
4153444
61089856
97456384
7540516
50154724
48972004
24167056
2704
36336784
14622976
81613156
9339136
50495236
45670564
4631104
10903204
872356
770884
3489424
69022864
18284176
2027776
872356
5973136
179776
19589476
71824
2096704
14032516
6543364
1304164
74926336
244036
69689104
52243984
8305924
15697444
495616
6270016
51782416
46485124
82664464
27102436
1214404
232324
2149156
58461316
3694084
14092516
86229796
69288976
6031936
61340224
7606564
35736484
74269924
85451536
652864
41938576
45670564
81613156
65545216
18028516
5216656
86415616
1196836
2696164
6431296
80964004
82773604
57668836
76282756
13380964
1473796
4919524
712336
6091024
13454224
8317456
30052324
47251876
446224
60964864
40551424
5410276
37258816
71824
59567524
8726116
15618304
3740356
40500496
13191424
40119556
1737124
28858384
446224
60435076
4648336
17073424
27836176
78464164
25421764
14776336
1073296
92467456
300304
14303524
40857664
31629376
972196
76983076
29855296
10163344
50438404
82591744
51036736
58461316
1567504
17372224
178084
31114084
47582404
15272464
23639044
31158724
25421764
1044484
50665924
6190144
19731364
26584336
16467364
64384576
14092516
2208196
4674244
659344
6770404
4778596
23367556
49056016
86452804
37994896
41165056
95726656
12306064
5607424
26790976
91317136
20322064
27206656
74580496
9597604
2553604
3364
33124
61277584
50176
17505856
1653796
72726784
54081316
76143076
53465344
76282756
20106256
75076
15507844
16192576
1811716
4251844
119716
4
36554116
18472804
18113536
64899136
3936256
93973636
770884
1263376
19678096
753424
732736
4910656
32307856
15713296
988036
984064
40475044
60031504
83320384
27269284
5914624
36626704
68525284
4553956
65674816
4129024
56190016
20647936
4376464
62853184
11999296
4268356
85229824
63904036
41165056
67108864
34880836
65836996
9572836
54405376
64577296
43270084
25080064
29855296
35808256
99840064
2676496
85303696
16048036
29528356
24581764
14318656
5216656
14714896
2079364
83320384
1943236
8904256
42276004
63138916
7628644
43930384
5354596
55234624
64224196
3225616
19642624
63808144
81036004
18335524
9265936
3587236
45778756
79673476
22202944
32993536
1435204
61504
69322276
56190016
73582084
18496
37405456
91853056
48385936
964324
5750404
1898884
20539024
10061584
58767556
81252196
46321636
72114064
20484676
29116816
66129424
4726276
8375236
1478656
1236544
63808144
48636676
2876416
17623204
61842496
14577124
95570176
28494244
521284
1098304
3818116
6220036
13278736
15147664
57093136
81252196
195364
18645124
10816
9897316
84198976
63552784
2637376
80964004
91623184
35473936
7963684
63234304
83466496
77123524
1449616
702244
25684624
17156164
43454464
33895684
61842496
87572164
67043344
7929856
9084196
65674816
16384
14915044
78039556
984064
34409956
37503376
51076
5626384
71334916
53787556
14122564
84676804
6091024
5053504
74407876
3136
15570916
63744256
67996516
85414564
712336
1473796
25321024
3564544
54140164
3833764
52678564
6360484
46076944
93392896
1517824
26460736
11546404
861184
68525284
67535524
90136036
95218564
529984
85303696
16630084
69789316
84566416
3912484
38514436
81613156
24760576
19731364
8305924
32307856
33547264
1119364
10291264
72522256
35378704
3818116
35188624
35808256
36772096
2202256
98446084
15085456
83429956
215296
7974976
70023424
21362884
58859584
46403344
12588304
34668544
98446084
732736
9412624
41628304
25664356
75203584
94984516
3020644
1684804
76877824
32126224
5721664
51093904
57729604
4999696
1658944
87871876
5476
13366336
84309124
36820624
36529936
6431296
79423744
41165056
2137444
1982464
2630884
470596
2116
46485124
4831204
45212176
7474756
12931216
63936016
11316496
4605316
93354244
586756
20124196
12645136
4276624
34975396
34597924
39866596
21307456
29441476
68644
95961616
7941124
39363076
86229796
26337424
63425296
87534736
13868176
99760144
173056
894916
3247204
10137856
1420864
2630884
20232004
44328964
79103236
8726116
2316484
20052484
16144324
2795584
93973636
524176
7279204
92698384
17774656
24840256
1449616
97377424
583696
72556324
71824
1290496
27604516
72624484
28987456
26770276
2256004
61528336
2617924
891136
6461764
2650384
6360484
58859584
28174864
66031876
52070656
53173264
8844676
48972004
38763076
38987536
26666896
89567296
24462916
43349056
4032064
41190724
18284176
37994896
92582884
60248644
55413136
37112464
28536964
30758116
31047184
4376464
81685444
9560464
2515396
71031184
22771984
12845056
48413764
11847364
92121604
40934404
37478884
95140516
53260804
40271716
18783556
9412624
47306884
62853184
30294016
39891856
9909904
17774656
15904144
29855296
28858384
36336784
16924996
84529636
234256
407044
41628304
91623184
37552384
37625956
487204
79530724
163216
14531344
16516096
32103556
8168164
35832196
8282884
376996
1157776
6160324
17455684
1036324
506944
7396
37112464
18421264
37185604
155236
1170724
73891216
16176484
14303524
19483396
44382244
81288256
79138816
18496
50176
4024036
2353156
91623184
9597604
21307456
26481316
24068836
659344
47997184
64096036
53904964
22202944
9947716
283024
48832144
10876804
37724164
16434916
4571044
61528336
25684624
84860944
79673476
74166544
3976036
92582884
21904
2979076
4227136
81144064
10394176
39262756
1898884
38588944
76073284
6390784
4032064
48219136
2876416
85414564
25928464
42719296
83028544
49392784
1036324
63616576
3334276
81396484
123904
5466244
26646244
37994896
407044
33570436
2808976
50922496
1597696
8976016
12988816
7333264
620944
93470224
30625156
79530724
3034564
51294244
17106496
258064
21307456
45212176
27102436
14714896
45778756
8631844
93006736
25321024
33709636
45131524
2365444
58125376
43138624
698896
49815364
228484
62599744
19909444
16908544
44063044
43375396
6061444
84345856
87759424
23020804
22391824
93624976
1684804
3429904
59105344
7873636
79637776
541696
38019556
67141636
38887696
20178064
83685904
42823936
60808804
7203856
3247204
70090384
76667536
56942116
64673764
37429924
15241216
5044516
1522756
33918976
68128516
99281296
22448644
67436944
38613796
95374756
22486564
61748164
41964484
1085764
43744996
3474496
51868804
63457156
50069776
7595536
226576
84125584
11182336
38987536
26481316
38613796
19855936
36747844
2815684
8561476
20811844
65254084
95726656
31899904
2735716
40043584
30184036
27541504
362404
43217476
46730896
96864964
38390416
41705764
3356224
13734436
155236
74373376
79138816
76073284
8042896
10601536
16875664
92313664
47306884
14092516
293764
33269824
26956864
39513796
17875984
50154724
56580484
3247204
55472704
80389156
13957696
27899524
58400164
10995856
29767936
1048576
55472704
78712384
85451536
50324836
3104644
78357904
15745024
20593444
90859024
2114116
7929856
49589764
33200644
53523856
63648484
12645136
20106256
10061584
4571044
51076
40857664
4866436
37039396
26481316
9229444
91891396
662596
21196816
16957924
52649536
70627216
30448324
4072324
17372224
82228624
75099556
48497296
98644624
155236
79423744
50098084
17960644
8305924
12054784
61811044
28111204
4048144
3034564
81830116
31047184
21939856
39866596
46185616
26666896
19963024
78996544
37429924
44944
19963024
88435216
77228944
414736
394384
1522756
2704
91508356
9535744
31787044
24245776
85636516
8620096
53640976
473344
47969476
26584336
98168464
28536964
89908324
37552384
28153636
1132096
36024004
2208196
29571844
90859024
11236
60435076
16224784
22146436
71098624
155236
84566416
20268004
33200644
97456384
13278736
20921476
743044
42016324
51179716
66064384
7150276
74373376
21270544
78180964
1331716
43771456
79352464
53465344
25989604
925444
6190144
158404
28558336
69989956
63170704
96393124
66227044
92121604
16908544
15429184
26790976
4648336
30891364
37636
5299204
18472804
57214096
3888784
72012196
135424
10601536
37636
25180324
4426816
87123556
63744256
1008016
19731364
85858756
139876
65739664
15038884
2116
15476356
92121604
169744
574564
17172736
68525284
41319184
364816
232324
80964004
23104
6822544
62504836
24780484
753424
48497296
53787556
10484644
29899024
7409284
26584336
5579044
76983076
4343056
85119076
79316836
34833604
15007876
24127744
44302336
25020004
753424
43138624
45796
47914084
52157284
9535744
77228944
2116
67141636
3136
72454144
27556
2829124
6927424
1517824
806404
89226916
9084196
19678096
27646564
69622336
26770276
75968656
99760144
65351056
9449476
77299264
27541504
31899904
2149156
69588964
91317136
3055504
4571044
2298256
3364
40398736
43983424
90744676
61504
77228944
18593344
75446596
6980164
82482724
79959364
63904036
74615044
33895684
62473216
33016516
78605956
529984
19518724
50495236
96196864
1196836
79530724
14409616
86787856
42719296
29008996
24245776
8988004
61748164
23174596
19201924
4056196
56821444
47831056
11437924
47306884
60341824
59691076
6482116
33849124
60341824
12902464
35307364
96746896
27102436
93161104
3055504
50013184
60310756
10061584
40780996
26050816
28815424
37136836
8133904
749956
3694084
58400164
61089856
38142976
49674304
20286016
2079364
1132096
19998784
53085796
1094116
21827584
763876
27290176
17522596
306916
97259044
18992164
19749136
39967684
3161284
29398084
25140196
53523856
1236544
753424
90744676
34316164
38093584
27269284
31114084
24840256
87310336
327184
59876644
75620416
28665316
75134224
91164304
6724
84309124
6280036
31181056
58491904
4946176
21270544
24068836
34668544
68591524
10816
81288256
432964
26030404
23833924
76073284
26357956
10982596
49928356
11102224
87459904
2650384
37636
5692996
20164
1860496
79780624
1827904
35450116
77123524
11142244
7474756
60621796
2775556
32787076
12931216
72318016
6190144
5466244
3818116
21659716
14032516
2704
57183844
2010724
13278736
92467456
59320804
4227136
3564544
60435076
1844164
15147664
2172676
23541904
44382244
90364036
54346384
36168196
8464
14318656
98327056
52388644
47831056
13719616
22448644
86192656
18215824
81036004
1094116
8631844
8620096
21104836
586756
2572816
10023556
19678096
21270544
2226064
817216
30846916
27899524
4910656
78712384
23833924
23078416
46076944
169744
9156676
59536
44009956
7496644
4502884
3268864
2226064
94984516
15429184
6543364
11806096
33131536
126736
56490256
41267776
334084
484
31382404
33200644
4096
89453764
4376464
15745024
16096144
56280004
26977636
37847104
23658496
12292036
5885476
17505856
1948816
16289296
88698724
20052484
33085504
5973136
27520516
17875984
48219136
79103236
90136036
58951684
8690704
35952016
21696964
18284176
12859396
34621456
3748096
34975396
40094224
28858384
35259844
27478564
306916
88661056
26604964
7043716
118336
29008996
188356
29528356
71842576
72114064
14945956
3356224
9048064
37429924
56040196
43744996
7203856
158404
5476
24960016
5973136
57577744
446224
98446084
806404
83028544
27019204
81577024
32307856
98525476
30958096
16532356
70324996
14092516
32512804
10797796
7268416
47831056
60777616
2611456
1592644
80425024
51351556
67436944
98168464
91431844
8868484
6853924
11235904
6853924
11888704
7333264
3225616
45212176
3844
11115556
15100996
75411856
91087936
23775376
93161104
1811716
515524
82591744
12013156
47665216
90744676
4056196
1336336
32512804
30713764
39790864
2292196
53260804
69022864
1162084
74718736
41499364
12859396
73891216
487204
87871876
4024036
21307456
3254416
6461764
258064
28815424
300304
37063744
27331984
18113536
976144
2910436
21418384
15808576
3857296
19678096
4682896
2050624
39715204
37478884
44782864
195364
50069776
4674244
34386496
83210884
8375236
21270544
78996544
45050944
57395776
16662724
32239684
28472896
11600836
18679684
97456384
7963684
10863616
1304164
24226084
89151364
1567504
25381444
70123876
9746884
11075584
24720784
4682896
44943616
3511876
59228416
729316
44568976
27836176
25725184
3225616
1012036
22619536
55383364
2328676
26584336
80174116
1401856
4631104
7806436
4571044
35188624
36747844
417316
50665924
7706176
23348224
10837264
6801664
46676224
1747684
53260804
4169764
82337476
8667136
6031936
79959364
20376196
16273156
6646084
18524416
53523856
3678724
20557156
82591744
81468676
1295044
48080356
19909444
1387684
71944324
1073296
49336576
7595536
13823524
6360484
3865156
6160324
13162384
27730756
28238596
94400656
32330596
40934404
1674436
3161284
169744
4919524
11600836
7300804
369664
84015556
12974404
47665216
8444836
5626384
106276
26357956
7873636
54937744
34762816
15952036
83649316
75076
6340324
61528336
8491396
44462224
952576
7761796
74926336
2696164
6990736
2298256
65836996
49252324
5326864
13235044
71537764
27290176
20502784
4919524
57123364
50751376
20286016
66552964
73547776
96746896
29658916
12545764
4104676
91204
16581184
90706576
217156
3771364
36626704
1909924
91049764
50438404
22316176
753424
1784896
73547776
996004
24820324
59197636
58400164
36096064
9909904
50523664
24964
21659716
6180196
12013156
13512976
23872996
6990736
2709316
69923044
15178816
8340544
24760576
22963264
1331716
37063744
66650896
53465344
34951744
4194304
1705636
44302336
26357956
4008004
41809156
139876
98922916
3579664
88811776
32672656
399424
27556
9872164
73342096
83320384
52070656
4096
79245604
4268356
55681444
30713764
52911076
295936
55472704
19749136
17023876
226576
781456
1290496
72012196
40500496
1860496
61653904
976144
77193796
2748964
48246916
31561924
9535744
4726276
2910436
79245604
76282756
20921476
52504516
71605444
16760836
1249924
34480384
19149376
89038096
7300804
87011584
45859984
3444736
23541904
33709636
76807696
19412836
54700816
45670564
83759104
12054784
13060996
79780624
8145316
10291264
5476
38142976
16337764
1860496
3857296
95804944
198916
6461764
1893376
16289296
2149156
16273156
7540516
63808144
35545444
9278116
414736
29398084
8031556
4393216
21049744
10010896
32194276
13017664
48832144
65869456
5476
20539024
28601104
3104644
20775364
6728836
17505856
23639044
12974404
21752896
15570916
3189796
27962944
1643524
1263376
69689104
25240576
21362884
6853924
4778596
5914624
67108864
98168464
33085504
17909824
44809636
85229824
26173456
23464336
33085504
11115556
70492816
72726784
31494544
95687524
70324996
82156096
50069776
39891856
27857284
18957316
64577296
13278736
1503076
9012004
13060996
872356
47306884
21939856
61842496
89908324
60871204
1473796
8145316
3912484
5271616
13410244
67996516
48080356
61058596
8631844
90706576
14122564
29767936
17023876
15697444
2262016
57214096
12292036
44729344
10407076
99241444
9278116
21827584
59105344
12687844
22505536
66161956
3928324
5750404
12503296
59845696
60403984
18079504
5125696
89567296
17372224
82773604
10588516
37429924
76667536
36675136
28536964
16096144
34035556
8213956
83429956
59691076
15952036
91049764
41396356
90022144
83137924
42719296
9265936
770884
12138256
47969476
729316
45508516
18783556
19749136
60124516
196
37185604
68923204
2116
24661156
11710084
30713764
17422276
24940036
55026724
407044
31449664
1098304
55696
4032064
22429696
48135844
6801664
14760964
8031556
9709456
10903204
44782864
92775424
8596624
2917264
9647236
19166884
14546596
7054336
1378276
29246464
31516996
11751184
22202944
24344356
19518724
64416676
2553604
80964004
18696976
88887184
23755876
19855936
2062096
6461764
19589476
84345856
52823824
21827584
1196836
30492484
28430224
13630864
21585316
5692996
54789604
7540516
29789764
66324736
5721664
89378116
3118756
61089856
3818116
33500944
40804
35450116
64416676
77827684
93857344
13734436
87123556
25240576
6980164
12517444
4008004
3104644
824464
56821444
60310756
7595536
4351396
19571776
32239684
41576704
1069156
98883136
16418704
68293696
2795584
24522304
1763584
3182656
47306884
14303524
24960016
26666896
80604484
784
35904064
7573504
64288324
14002564
23290276
84787264
74580496
29333056
7661824
28153636
16128256
54523456
98168464
1965604
17572864
19784704
49505296
82482724
30846916
81468676
4571044
90592324
38613796
95726656
28793956
12306064
19219456
8904256
1119364
62220544
4519876
8375236
8561476
54434884
12096484
81613156
88435216
93045316
649636
283024
23951236
39790864
2534464
28026436
14077504
258064
3254416
31764496
28238596
50013184
7862416
2515396
246016
13191424
82373776
4477456
14622976
38365636
24880144
97377424
17422276
4351396
23059204
40246336
82882816
75620416
59660176
18992164
64416676
417316
11710084
79637776
15100996
88209664
9759376
40806544
3489424
2999824
99640324
10705984
24522304
82773604
52215076
586756
33547264
1926544
28047616
53611684
64128064
12306064
91546624
84309124
4963984
15413476
45778756
10291264
47582404
1674436
99361024
13410244
10797796
44649124
15272464
4376464
7268416
65536
76667536
95023504
3632836
68644
13424896
2439844
15713296
49336576
29398084
15038884
20811844
3701776
79780624
7118224
68029504
17909824
150544
7628644
743044
28815424
4787344
3701776
802816
61277584
88661056
69488896
93741124
33477796
2611456
95101504
53027524
68029504
32924644
850084
13778944
5026564
21325924
78039556
32809984
839056
34550884
6120676
13498276
9388096
18164644
61371556
40246336
3290596
60124516
27331984
81468676
96196864
268324
62031376
91431844
498436
56640676
2696164
12545764
34880836
6190144
28665316
91508356
97930816
37258816
74615044
3407716
73136704
91891396
1044484
1965604
29789764
50922496
2390116
22259524
72148036
15413476
13205956
3936256
63234304
91661476
17106496
34409956
3297856
48219136
9759376
62663056
99042304
11383876
4418404
41011216
87459904
91508356
67996516
30228004
3247204
87616
94051204
7333264
813604
835396
58491904
26956864
53085796
12645136
106276
5513104
8202496
5924356
9909904
44302336
3952144
21270544
498436
22733824
31651876
84529636
5692996
69422224
228484
67305616
11102224
18369796
33477796
92659876
59320804
2256004
26666896
13366336
11383876
83429956
34058896
4008004
14546596
35593156
83429956
20268004
85340644
46977316
10640644
7086244
3701776
13957696
41396356
3740356
56761156
94400656
98327056
96668224
16630084
67535524
17774656
7171684
84235684
28111204
4218916
2114116
24522304
38613796
62315236
153664
34880836
2238016
59567524
5513104
478864
498436
66814276
18284176
69288976
5438224
48135844
5189284
32330596
33849124
4104676
54671236
602176
32444416
14303524
80604484
64705936
25928464
749956
57093136
71707024
60341824
40804
75446596
43270084
61559716
68923204
3444736
3857296
84676804
206116
10745284
17007376
5207524
2696164
1909924
40804
33200644
12716356
5607424
14258176
8340544
3928324
11303044
4553956
61716736
343396
37650496
1597696
44408896
69522244
25441936
300304
72556324
30294016
12730624
75759616
50183056
11478544
14409616
1196836
76667536
6895876
96314596
17909824
24423364
38588944
4008004
18852964
6041764
32194276
42588676
1582564
25120144
98644624
70829056
23580736
67338436
1827904
50865424
21827584
17123044
258064
81144064
36385024
31629376
14853316
40653376
44809636
42406144
355216
88585744
12292036
2274064
2010724
62315236
7474756
37773316
81252196
84235684
93586276
31047184
17522596
83320384
58186384
18284176
169744
8076964
35331136
9560464
3225616
698896
14915044
29855296
2876416
7739524
5189284
50438404
88096996
7873636
71301136
574564
293764
37724164
20757136
27290176
25140196
4169764
2951524
62378404
5579044
58125376
4605316
77510416
99161764
37478884
65674816
36554116
8797156
2328676
27793984
43771456
2244004
40170244
75933796
16532356
42354064
22165264
37283236
7300804
96275344
89226916
11847364
62220544
3587236
47969476
6330256
79352464
60777616
7268416
46022656
95335696
802816
91431844
27604516
29986576
69022864
14032516
5943844
425104
73984
52041796
1162084
9168784
4813636
1737124
917764
4990756
568516
52940176
4401604
80174116
12348196
44943616
13645636
93470224
51008164
89605156
14546596
18541636
14227984
3076516
3429904
13823524
33223696
38887696
82919236
39513796
34975396
583696
10916416
33547264
22905796
98763844
58859584
68644
872356
1056784
3104644
9412624
21771556
85229824
14047504
28601104
26050816
42745444
21270544
228484
8726116
74200996
67502656
917764
3378244
59783824
92006464
28026436
86192656
94206436
92428996
3268864
55830784
28174864
1336336
35736484
11235904
55413136
63170704
33965584
7474756
26708224
61716736
57851236
15272464
32672656
64609444
29441476
1098304
79423744
5484964
114244
52301824
23193856
15100996
2849344
1157776
77299264
65836996
45535504
78357904
21381376
56460196
78074896
98644624
343396
48135844
1201216
8797156
98446084
107584
64516
71842576
35331136
28238596
30625156
68923204
17422276
14227984
74615044
164836
95961616
45751696
264196
93238336
51782416
2611456
59013124
34480384
17405584
37994896
36024004
743044
52736644
47087044
19963024
79245604
43612816
21548164
26894596
6853924
18783556
5827396
51351556
11195716
46485124
5161984
22165264
48748324
58277956
63808144
8737936
57274624
58644964
16957924
948676
23116864
719104
1473796
24344356
11464996
11916304
54493924
8655364
244036
67831696
96786244
11999296
7573504
1982464
49224256
42484324
55472704
54848836
41267776
676
19044496
63138916
18593344
9168784
92083216
195364
2439844
54081316
82482724
54582544
68326756
3041536
51811204
32878756
27709696
2166784
1898884
62980096
89453764
47004736
64224196
13498276
54967396
40347904
10086976
30958096
15888196
24940036
802816
33085504
7333264
23174596
20830096
21603904
55591936
7974976
2172676
4129024
2458624
48052624
89605156
26584336
36192256
22221796
1948816
65254084
16532356
94906564
37625956
32649796
3161284
66227044
50865424
24641296
30647296
14853316
2521744
24167056
98327056
38093584
71537764
6677056
37039396
2835856
538756
95726656
1183744
3378244
7772944
56490256
33154564
1552516
37625956
33856
60715264
15147664
16760836
80532676
45995524
8456464
2735716
81252196
74718736
9597604
1763584
69089344
46076944
14047504
65966884
6801664
77862976
84345856
7396
7806436
31382404
114244
18496
2999824
10471696
2166784
1684804
24462916
92416
59474944
23116864
91087936
12082576
5476
38291344
97732996
4393216
40857664
64577296
6615184
58277956
2155024
44542276
3118756
4813636
10797796
82156096
512656
10523536
15319396
2637376
93973636
68525284
13630864
17875984
55920484
58125376
12222016
51811204
2166784
26173456
487204
70829056
891136
5982916
10719076
5914624
60497284
55026724
3976036
49336576
58564
6927424
34833604
17825284
73984
86452804
24780484
93624976
2676496
26296384
84125584
85082176
92083216
36554116
40246336
14032516
51179716
88247236
8904256
7011904
10510564
24780484
93161104
5189284
20593444
784
1444
69522244
8111104
18800896
98883136
99161764
4343056
7828804
14915044
35450116
512656
1567504
21904
8421604
10679824
10666756
34386496
19254544
25847056
17272336
68326756
66357316
7862416
31990336
18939904
2458624
38887696
66357316
18164644
948676
62789776
3489424
18386944
34739236
1196836
17623204
91661476
85264
15085456
3034564
86899684
30891364
1517824
22600516
40119556
83466496
31114084
72352036
32878756
13557124
964324
12376324
3232804
17956
48080356
9096256
4032064
46676224
1449616
